1.563000000000000000e+03
7.900000000000000000e+01
9.380000000000000000e+02
2.820000000000000000e+02
1.270000000000000000e+03
2.910000000000000000e+02
9.160000000000000000e+02
2.920000000000000000e+02
9.480000000000000000e+02
3.750000000000000000e+02
1.104000000000000000e+03
3.590000000000000000e+02
1.206000000000000000e+03
1.507000000000000000e+03
7.450000000000000000e+02
1.059000000000000000e+03
6.950000000000000000e+02
4.640000000000000000e+02
9.700000000000000000e+01
3.800000000000000000e+02
9.670000000000000000e+02
1.228000000000000000e+03
1.008000000000000000e+03
4.900000000000000000e+01
1.311000000000000000e+03
1.309000000000000000e+03
1.050000000000000000e+03
1.342000000000000000e+03
8.690000000000000000e+02
8.540000000000000000e+02
1.650000000000000000e+03
2.500000000000000000e+01
1.500000000000000000e+03
1.455000000000000000e+03
1.027000000000000000e+03
3.600000000000000000e+02
1.072000000000000000e+03
5.890000000000000000e+02
1.589000000000000000e+03
1.080000000000000000e+03
6.460000000000000000e+02
1.028000000000000000e+03
8.150000000000000000e+02
1.430000000000000000e+03
1.661000000000000000e+03
3.900000000000000000e+01
3.100000000000000000e+01
1.421000000000000000e+03
1.566000000000000000e+03
6.320000000000000000e+02
4.300000000000000000e+01
1.435000000000000000e+03
2.960000000000000000e+02
8.660000000000000000e+02
5.880000000000000000e+02
1.442000000000000000e+03
1.682000000000000000e+03
1.223000000000000000e+03
8.450000000000000000e+02
7.260000000000000000e+02
4.780000000000000000e+02
1.036000000000000000e+03
3.220000000000000000e+02
2.020000000000000000e+02
1.158000000000000000e+03
1.653000000000000000e+03
9.150000000000000000e+02
7.620000000000000000e+02
6.020000000000000000e+02
5.700000000000000000e+02
1.186000000000000000e+03
5.740000000000000000e+02
2.840000000000000000e+02
8.430000000000000000e+02
1.605000000000000000e+03
1.320000000000000000e+03
1.187000000000000000e+03
1.390000000000000000e+02
1.375000000000000000e+03
4.890000000000000000e+02
1.379000000000000000e+03
6.980000000000000000e+02
5.910000000000000000e+02
8.350000000000000000e+02
8.410000000000000000e+02
1.473000000000000000e+03
1.428000000000000000e+03
8.810000000000000000e+02
1.499000000000000000e+03
5.230000000000000000e+02
9.960000000000000000e+02
1.355000000000000000e+03
8.440000000000000000e+02
1.391000000000000000e+03
9.310000000000000000e+02
1.517000000000000000e+03
6.550000000000000000e+02
9.760000000000000000e+02
1.616000000000000000e+03
4.400000000000000000e+02
7.220000000000000000e+02
1.434000000000000000e+03
9.490000000000000000e+02
1.109000000000000000e+03
1.217000000000000000e+03
1.504000000000000000e+03
1.555000000000000000e+03
3.210000000000000000e+02
1.231000000000000000e+03
1.704000000000000000e+03
1.532000000000000000e+03
8.570000000000000000e+02
1.505000000000000000e+03
1.486000000000000000e+03
7.790000000000000000e+02
1.453000000000000000e+03
1.116000000000000000e+03
2.200000000000000000e+02
2.520000000000000000e+02
8.760000000000000000e+02
1.312000000000000000e+03
1.120000000000000000e+02
1.940000000000000000e+02
1.603000000000000000e+03
9.600000000000000000e+01
9.620000000000000000e+02
1.273000000000000000e+03
1.580000000000000000e+03
1.204000000000000000e+03
8.470000000000000000e+02
9.950000000000000000e+02
1.044000000000000000e+03
1.098000000000000000e+03
1.268000000000000000e+03
5.810000000000000000e+02
6.240000000000000000e+02
1.596000000000000000e+03
4.360000000000000000e+02
4.880000000000000000e+02
1.427000000000000000e+03
1.103000000000000000e+03
7.250000000000000000e+02
6.260000000000000000e+02
1.292000000000000000e+03
8.650000000000000000e+02
3.410000000000000000e+02
4.660000000000000000e+02
1.264000000000000000e+03
8.630000000000000000e+02
3.540000000000000000e+02
1.166000000000000000e+03
8.560000000000000000e+02
5.940000000000000000e+02
1.333000000000000000e+03
1.446000000000000000e+03
1.060000000000000000e+03
6.230000000000000000e+02
7.200000000000000000e+02
6.770000000000000000e+02
7.000000000000000000e+00
1.676000000000000000e+03
1.648000000000000000e+03
1.545000000000000000e+03
6.210000000000000000e+02
4.690000000000000000e+02
3.810000000000000000e+02
2.600000000000000000e+02
1.296000000000000000e+03
4.070000000000000000e+02
1.790000000000000000e+02
9.830000000000000000e+02
6.410000000000000000e+02
5.400000000000000000e+02
1.173000000000000000e+03
2.740000000000000000e+02
1.124000000000000000e+03
5.410000000000000000e+02
8.590000000000000000e+02
1.362000000000000000e+03
1.224000000000000000e+03
9.300000000000000000e+02
3.790000000000000000e+02
3.400000000000000000e+01
6.900000000000000000e+01
1.234000000000000000e+03
1.423000000000000000e+03
1.194000000000000000e+03
8.130000000000000000e+02
8.840000000000000000e+02
1.364000000000000000e+03
6.700000000000000000e+01
7.300000000000000000e+02
1.330000000000000000e+02
6.540000000000000000e+02
1.182000000000000000e+03
1.678000000000000000e+03
1.310000000000000000e+03
2.900000000000000000e+02
1.529000000000000000e+03
5.160000000000000000e+02
