3.628000000000000000e+03
4.853000000000000000e+03
1.535000000000000000e+03
3.524000000000000000e+03
3.594000000000000000e+03
4.347000000000000000e+03
2.850000000000000000e+02
3.117000000000000000e+03
3.310000000000000000e+03
3.054000000000000000e+03
1.417000000000000000e+03
3.059000000000000000e+03
5.780000000000000000e+02
3.118000000000000000e+03
1.758000000000000000e+03
2.566000000000000000e+03
1.787000000000000000e+03
2.771000000000000000e+03
1.877000000000000000e+03
4.238000000000000000e+03
2.310000000000000000e+03
3.730000000000000000e+02
2.201000000000000000e+03
4.388000000000000000e+03
2.803000000000000000e+03
3.779000000000000000e+03
1.733000000000000000e+03
3.660000000000000000e+02
3.177000000000000000e+03
3.372000000000000000e+03
2.604000000000000000e+03
1.180000000000000000e+02
1.010000000000000000e+02
4.546000000000000000e+03
4.565000000000000000e+03
1.854000000000000000e+03
3.255000000000000000e+03
1.071000000000000000e+03
3.781000000000000000e+03
3.879000000000000000e+03
5.520000000000000000e+02
1.541000000000000000e+03
1.675000000000000000e+03
4.200000000000000000e+03
7.300000000000000000e+01
3.749000000000000000e+03
4.137000000000000000e+03
2.759000000000000000e+03
1.360000000000000000e+03
3.215000000000000000e+03
1.841000000000000000e+03
9.020000000000000000e+02
2.258000000000000000e+03
1.960000000000000000e+03
3.377000000000000000e+03
2.960000000000000000e+03
3.769000000000000000e+03
3.207000000000000000e+03
1.716000000000000000e+03
4.085000000000000000e+03
1.397000000000000000e+03
5.480000000000000000e+02
4.241000000000000000e+03
2.458000000000000000e+03
3.470000000000000000e+02
3.545000000000000000e+03
3.203000000000000000e+03
4.616000000000000000e+03
1.757000000000000000e+03
4.613000000000000000e+03
3.780000000000000000e+03
1.379000000000000000e+03
2.666000000000000000e+03
4.814000000000000000e+03
4.082000000000000000e+03
1.640000000000000000e+03
2.584000000000000000e+03
1.756000000000000000e+03
1.842000000000000000e+03
4.077000000000000000e+03
1.917000000000000000e+03
4.880000000000000000e+02
4.446000000000000000e+03
1.193000000000000000e+03
4.580000000000000000e+03
2.589000000000000000e+03
4.874000000000000000e+03
3.910000000000000000e+02
4.706000000000000000e+03
8.430000000000000000e+02
2.554000000000000000e+03
5.700000000000000000e+02
4.754000000000000000e+03
4.662000000000000000e+03
1.532000000000000000e+03
3.172000000000000000e+03
2.545000000000000000e+03
5.460000000000000000e+02
4.133000000000000000e+03
3.961000000000000000e+03
3.339000000000000000e+03
4.736000000000000000e+03
1.022000000000000000e+03
2.840000000000000000e+02
1.486000000000000000e+03
2.849000000000000000e+03
3.814000000000000000e+03
3.861000000000000000e+03
2.230000000000000000e+02
3.794000000000000000e+03
4.500000000000000000e+02
7.900000000000000000e+02
4.524000000000000000e+03
2.488000000000000000e+03
3.533000000000000000e+03
2.786000000000000000e+03
4.503000000000000000e+03
1.497000000000000000e+03
3.315000000000000000e+03
4.239000000000000000e+03
3.264000000000000000e+03
2.090000000000000000e+02
1.530000000000000000e+03
4.480000000000000000e+03
2.122000000000000000e+03
3.303000000000000000e+03
1.924000000000000000e+03
1.701000000000000000e+03
3.818000000000000000e+03
3.340000000000000000e+02
8.410000000000000000e+02
4.210000000000000000e+03
3.808000000000000000e+03
1.984000000000000000e+03
3.527000000000000000e+03
3.225000000000000000e+03
2.614000000000000000e+03
3.797000000000000000e+03
4.630000000000000000e+03
4.437000000000000000e+03
1.928000000000000000e+03
2.002000000000000000e+03
1.562000000000000000e+03
4.061000000000000000e+03
2.350000000000000000e+02
4.464000000000000000e+03
4.593000000000000000e+03
1.035000000000000000e+03
3.650000000000000000e+03
3.410000000000000000e+03
1.853000000000000000e+03
3.288000000000000000e+03
4.715000000000000000e+03
1.527000000000000000e+03
4.459000000000000000e+03
3.555000000000000000e+03
3.077000000000000000e+03
4.052000000000000000e+03
3.506000000000000000e+03
1.303000000000000000e+03
4.420000000000000000e+02
2.265000000000000000e+03
2.340000000000000000e+02
3.080000000000000000e+03
2.062000000000000000e+03
5.860000000000000000e+02
3.548000000000000000e+03
5.810000000000000000e+02
1.730000000000000000e+02
2.899000000000000000e+03
3.489000000000000000e+03
3.834000000000000000e+03
4.188000000000000000e+03
4.475000000000000000e+03
3.538000000000000000e+03
4.447000000000000000e+03
1.858000000000000000e+03
4.266000000000000000e+03
4.690000000000000000e+03
1.884000000000000000e+03
1.445000000000000000e+03
5.150000000000000000e+02
5.300000000000000000e+01
4.260000000000000000e+03
3.873000000000000000e+03
6.900000000000000000e+01
2.269000000000000000e+03
3.045000000000000000e+03
3.569000000000000000e+03
1.104000000000000000e+03
4.346000000000000000e+03
9.260000000000000000e+02
3.693000000000000000e+03
1.972000000000000000e+03
4.540000000000000000e+03
3.914000000000000000e+03
1.330000000000000000e+03
3.100000000000000000e+03
3.384000000000000000e+03
6.460000000000000000e+02
1.594000000000000000e+03
2.460000000000000000e+02
1.910000000000000000e+02
2.575000000000000000e+03
2.411000000000000000e+03
4.194000000000000000e+03
4.148000000000000000e+03
4.703000000000000000e+03
8.960000000000000000e+02
2.817000000000000000e+03
1.383000000000000000e+03
3.639000000000000000e+03
2.620000000000000000e+02
4.690000000000000000e+02
3.726000000000000000e+03
1.564000000000000000e+03
2.114000000000000000e+03
2.010000000000000000e+02
2.063000000000000000e+03
3.656000000000000000e+03
1.498000000000000000e+03
4.407000000000000000e+03
2.914000000000000000e+03
1.030000000000000000e+02
2.906000000000000000e+03
4.482000000000000000e+03
1.640000000000000000e+02
2.299000000000000000e+03
1.943000000000000000e+03
4.128000000000000000e+03
2.408000000000000000e+03
4.294000000000000000e+03
4.634000000000000000e+03
3.301000000000000000e+03
7.190000000000000000e+02
4.596000000000000000e+03
3.084000000000000000e+03
4.256000000000000000e+03
3.494000000000000000e+03
3.896000000000000000e+03
2.789000000000000000e+03
3.883000000000000000e+03
1.362000000000000000e+03
1.175000000000000000e+03
4.500000000000000000e+01
1.588000000000000000e+03
2.886000000000000000e+03
2.671000000000000000e+03
3.584000000000000000e+03
2.231000000000000000e+03
4.854000000000000000e+03
2.498000000000000000e+03
3.902000000000000000e+03
8.800000000000000000e+02
3.286000000000000000e+03
5.300000000000000000e+02
3.493000000000000000e+03
2.282000000000000000e+03
3.671000000000000000e+03
2.837000000000000000e+03
3.437000000000000000e+03
3.782000000000000000e+03
3.955000000000000000e+03
3.984000000000000000e+03
4.451000000000000000e+03
1.938000000000000000e+03
3.470000000000000000e+03
1.464000000000000000e+03
4.167000000000000000e+03
4.274000000000000000e+03
3.689000000000000000e+03
5.170000000000000000e+02
3.993000000000000000e+03
4.154000000000000000e+03
1.219000000000000000e+03
2.088000000000000000e+03
2.507000000000000000e+03
5.650000000000000000e+02
5.100000000000000000e+02
3.903000000000000000e+03
9.110000000000000000e+02
1.248000000000000000e+03
2.839000000000000000e+03
8.820000000000000000e+02
4.253000000000000000e+03
3.523000000000000000e+03
4.050000000000000000e+02
2.865000000000000000e+03
1.737000000000000000e+03
3.302000000000000000e+03
2.475000000000000000e+03
2.710000000000000000e+02
3.608000000000000000e+03
4.197000000000000000e+03
2.289000000000000000e+03
2.367000000000000000e+03
1.206000000000000000e+03
3.088000000000000000e+03
3.866000000000000000e+03
3.308000000000000000e+03
3.890000000000000000e+02
4.354000000000000000e+03
9.950000000000000000e+02
8.120000000000000000e+02
3.366000000000000000e+03
4.373000000000000000e+03
9.910000000000000000e+02
7.690000000000000000e+02
1.225000000000000000e+03
1.305000000000000000e+03
1.490000000000000000e+03
1.765000000000000000e+03
3.997000000000000000e+03
2.858000000000000000e+03
5.890000000000000000e+02
1.019000000000000000e+03
3.416000000000000000e+03
2.340000000000000000e+03
2.752000000000000000e+03
3.920000000000000000e+03
