6.730000000000000000e+02
1.510000000000000000e+02
1.063000000000000000e+03
1.250000000000000000e+02
1.346000000000000000e+03
4.320000000000000000e+02
4.610000000000000000e+02
3.160000000000000000e+02
1.300000000000000000e+02
2.100000000000000000e+02
1.256000000000000000e+03
1.388000000000000000e+03
4.450000000000000000e+02
9.330000000000000000e+02
1.562000000000000000e+03
1.237000000000000000e+03
6.780000000000000000e+02
5.470000000000000000e+02
1.168000000000000000e+03
5.030000000000000000e+02
1.240000000000000000e+03
1.283000000000000000e+03
1.069000000000000000e+03
6.990000000000000000e+02
1.650000000000000000e+03
1.327000000000000000e+03
6.960000000000000000e+02
1.157000000000000000e+03
1.190000000000000000e+03
1.156000000000000000e+03
5.540000000000000000e+02
5.500000000000000000e+02
8.570000000000000000e+02
1.930000000000000000e+02
7.510000000000000000e+02
5.760000000000000000e+02
1.547000000000000000e+03
1.468000000000000000e+03
1.373000000000000000e+03
5.820000000000000000e+02
8.120000000000000000e+02
4.530000000000000000e+02
1.173000000000000000e+03
7.140000000000000000e+02
1.308000000000000000e+03
1.254000000000000000e+03
1.616000000000000000e+03
1.130000000000000000e+02
3.010000000000000000e+02
3.870000000000000000e+02
5.800000000000000000e+01
1.146000000000000000e+03
1.332000000000000000e+03
5.400000000000000000e+01
6.200000000000000000e+01
1.407000000000000000e+03
3.760000000000000000e+02
7.300000000000000000e+01
1.537000000000000000e+03
4.060000000000000000e+02
3.350000000000000000e+02
2.030000000000000000e+02
1.207000000000000000e+03
1.246000000000000000e+03
5.280000000000000000e+02
2.880000000000000000e+02
3.960000000000000000e+02
3.740000000000000000e+02
6.290000000000000000e+02
1.437000000000000000e+03
1.354000000000000000e+03
3.450000000000000000e+02
4.400000000000000000e+01
1.512000000000000000e+03
1.489000000000000000e+03
1.301000000000000000e+03
1.652000000000000000e+03
4.560000000000000000e+02
6.010000000000000000e+02
9.700000000000000000e+02
1.307000000000000000e+03
8.320000000000000000e+02
1.190000000000000000e+02
1.316000000000000000e+03
6.000000000000000000e+01
1.653000000000000000e+03
1.042000000000000000e+03
1.352000000000000000e+03
1.573000000000000000e+03
1.445000000000000000e+03
1.415000000000000000e+03
1.180000000000000000e+02
1.639000000000000000e+03
6.440000000000000000e+02
1.134000000000000000e+03
4.810000000000000000e+02
1.488000000000000000e+03
8.970000000000000000e+02
1.553000000000000000e+03
1.118000000000000000e+03
1.241000000000000000e+03
6.190000000000000000e+02
1.223000000000000000e+03
3.270000000000000000e+02
8.750000000000000000e+02
1.460000000000000000e+02
1.633000000000000000e+03
8.850000000000000000e+02
1.282000000000000000e+03
8.030000000000000000e+02
2.730000000000000000e+02
4.000000000000000000e+02
1.210000000000000000e+03
2.690000000000000000e+02
7.330000000000000000e+02
9.020000000000000000e+02
9.870000000000000000e+02
3.100000000000000000e+01
1.487000000000000000e+03
7.980000000000000000e+02
1.078000000000000000e+03
1.451000000000000000e+03
2.660000000000000000e+02
5.080000000000000000e+02
1.465000000000000000e+03
3.210000000000000000e+02
4.070000000000000000e+02
3.110000000000000000e+02
1.126000000000000000e+03
1.110000000000000000e+03
1.427000000000000000e+03
3.880000000000000000e+02
6.970000000000000000e+02
1.613000000000000000e+03
6.920000000000000000e+02
1.602000000000000000e+03
1.550000000000000000e+02
2.110000000000000000e+02
1.641000000000000000e+03
1.522000000000000000e+03
1.520000000000000000e+02
2.760000000000000000e+02
1.426000000000000000e+03
4.410000000000000000e+02
2.380000000000000000e+02
1.105000000000000000e+03
1.490000000000000000e+02
4.080000000000000000e+02
9.910000000000000000e+02
1.599000000000000000e+03
1.469000000000000000e+03
1.631000000000000000e+03
8.110000000000000000e+02
1.453000000000000000e+03
2.570000000000000000e+02
1.079000000000000000e+03
5.060000000000000000e+02
1.294000000000000000e+03
1.634000000000000000e+03
7.250000000000000000e+02
5.390000000000000000e+02
3.200000000000000000e+01
6.120000000000000000e+02
9.010000000000000000e+02
6.460000000000000000e+02
8.190000000000000000e+02
6.710000000000000000e+02
2.070000000000000000e+02
8.540000000000000000e+02
1.440000000000000000e+02
8.220000000000000000e+02
2.700000000000000000e+01
1.380000000000000000e+03
9.820000000000000000e+02
1.059000000000000000e+03
5.210000000000000000e+02
2.550000000000000000e+02
2.620000000000000000e+02
9.860000000000000000e+02
1.479000000000000000e+03
1.067000000000000000e+03
6.000000000000000000e+00
3.710000000000000000e+02
1.385000000000000000e+03
2.250000000000000000e+02
9.150000000000000000e+02
6.140000000000000000e+02
1.082000000000000000e+03
1.386000000000000000e+03
6.100000000000000000e+01
1.539000000000000000e+03
5.500000000000000000e+01
1.670000000000000000e+02
5.570000000000000000e+02
4.520000000000000000e+02
1.532000000000000000e+03
8.290000000000000000e+02
1.623000000000000000e+03
1.290000000000000000e+03
1.651000000000000000e+03
3.250000000000000000e+02
2.600000000000000000e+02
1.535000000000000000e+03
5.660000000000000000e+02
1.238000000000000000e+03
7.940000000000000000e+02
5.090000000000000000e+02
1.224000000000000000e+03
1.650000000000000000e+02
1.347000000000000000e+03
1.326000000000000000e+03
8.940000000000000000e+02
7.410000000000000000e+02
7.530000000000000000e+02
6.430000000000000000e+02
2.530000000000000000e+02
5.580000000000000000e+02
1.291000000000000000e+03
2.300000000000000000e+01
4.440000000000000000e+02
9.040000000000000000e+02
1.178000000000000000e+03
9.090000000000000000e+02
2.240000000000000000e+02
2.970000000000000000e+02
9.260000000000000000e+02
1.611000000000000000e+03
1.188000000000000000e+03
4.820000000000000000e+02
1.840000000000000000e+02
1.423000000000000000e+03
2.290000000000000000e+02
8.730000000000000000e+02
1.095000000000000000e+03
9.390000000000000000e+02
1.011000000000000000e+03
7.710000000000000000e+02
1.280000000000000000e+02
3.000000000000000000e+01
8.960000000000000000e+02
3.820000000000000000e+02
3.500000000000000000e+02
1.630000000000000000e+03
1.270000000000000000e+02
7.180000000000000000e+02
6.840000000000000000e+02
1.475000000000000000e+03
8.140000000000000000e+02
1.264000000000000000e+03
3.060000000000000000e+02
9.560000000000000000e+02
1.540000000000000000e+02
1.588000000000000000e+03
6.020000000000000000e+02
1.536000000000000000e+03
9.480000000000000000e+02
4.630000000000000000e+02
2.740000000000000000e+02
7.540000000000000000e+02
5.300000000000000000e+01
4.960000000000000000e+02
1.583000000000000000e+03
1.306000000000000000e+03
3.950000000000000000e+02
1.462000000000000000e+03
9.600000000000000000e+02
4.930000000000000000e+02
3.050000000000000000e+02
5.770000000000000000e+02
5.110000000000000000e+02
4.020000000000000000e+02
9.350000000000000000e+02
1.410000000000000000e+02
8.800000000000000000e+01
1.110000000000000000e+02
1.608000000000000000e+03
1.331000000000000000e+03
7.790000000000000000e+02
2.170000000000000000e+02
1.387000000000000000e+03
1.086000000000000000e+03
1.325000000000000000e+03
8.790000000000000000e+02
1.700000000000000000e+02
1.629000000000000000e+03
3.140000000000000000e+02
1.089000000000000000e+03
9.000000000000000000e+00
1.500000000000000000e+01
1.177000000000000000e+03
4.940000000000000000e+02
5.740000000000000000e+02
1.120000000000000000e+02
4.040000000000000000e+02
7.520000000000000000e+02
7.290000000000000000e+02
4.660000000000000000e+02
2.900000000000000000e+01
1.058000000000000000e+03
1.424000000000000000e+03
1.000000000000000000e+00
3.480000000000000000e+02
1.606000000000000000e+03
1.472000000000000000e+03
1.477000000000000000e+03
3.770000000000000000e+02
3.900000000000000000e+02
1.523000000000000000e+03
1.609000000000000000e+03
1.561000000000000000e+03
6.600000000000000000e+02
3.860000000000000000e+02
1.511000000000000000e+03
9.660000000000000000e+02
9.270000000000000000e+02
1.348000000000000000e+03
1.569000000000000000e+03
5.350000000000000000e+02
7.200000000000000000e+01
2.500000000000000000e+01
9.470000000000000000e+02
9.210000000000000000e+02
4.900000000000000000e+01
7.910000000000000000e+02
9.800000000000000000e+02
1.557000000000000000e+03
1.117000000000000000e+03
1.170000000000000000e+03
3.180000000000000000e+02
1.516000000000000000e+03
8.170000000000000000e+02
2.460000000000000000e+02
1.091000000000000000e+03
8.470000000000000000e+02
3.400000000000000000e+01
1.152000000000000000e+03
1.080000000000000000e+02
1.506000000000000000e+03
6.100000000000000000e+02
2.510000000000000000e+02
1.087000000000000000e+03
6.130000000000000000e+02
9.200000000000000000e+01
4.900000000000000000e+02
2.410000000000000000e+02
8.620000000000000000e+02
1.150000000000000000e+03
1.313000000000000000e+03
8.870000000000000000e+02
3.780000000000000000e+02
1.950000000000000000e+02
1.585000000000000000e+03
1.601000000000000000e+03
1.065000000000000000e+03
1.571000000000000000e+03
1.139000000000000000e+03
7.370000000000000000e+02
8.000000000000000000e+02
1.295000000000000000e+03
1.980000000000000000e+02
9.650000000000000000e+02
1.097000000000000000e+03
7.160000000000000000e+02
5.900000000000000000e+02
6.150000000000000000e+02
4.330000000000000000e+02
1.960000000000000000e+02
1.175000000000000000e+03
1.050000000000000000e+02
9.060000000000000000e+02
1.043000000000000000e+03
1.398000000000000000e+03
4.260000000000000000e+02
1.231000000000000000e+03
1.112000000000000000e+03
1.274000000000000000e+03
8.200000000000000000e+01
1.482000000000000000e+03
1.265000000000000000e+03
3.800000000000000000e+01
1.230000000000000000e+02
7.080000000000000000e+02
8.330000000000000000e+02
2.100000000000000000e+01
1.121000000000000000e+03
9.960000000000000000e+02
1.382000000000000000e+03
7.690000000000000000e+02
3.840000000000000000e+02
8.910000000000000000e+02
4.570000000000000000e+02
2.840000000000000000e+02
6.940000000000000000e+02
1.416000000000000000e+03
1.211000000000000000e+03
7.480000000000000000e+02
7.570000000000000000e+02
1.626000000000000000e+03
9.490000000000000000e+02
7.460000000000000000e+02
1.288000000000000000e+03
1.320000000000000000e+03
2.180000000000000000e+02
1.020000000000000000e+03
9.460000000000000000e+02
5.380000000000000000e+02
6.070000000000000000e+02
9.310000000000000000e+02
5.980000000000000000e+02
1.209000000000000000e+03
8.410000000000000000e+02
1.002000000000000000e+03
1.369000000000000000e+03
6.210000000000000000e+02
7.190000000000000000e+02
1.581000000000000000e+03
1.645000000000000000e+03
8.240000000000000000e+02
1.191000000000000000e+03
4.690000000000000000e+02
1.077000000000000000e+03
9.360000000000000000e+02
5.890000000000000000e+02
6.000000000000000000e+02
5.460000000000000000e+02
5.050000000000000000e+02
6.280000000000000000e+02
1.357000000000000000e+03
2.700000000000000000e+02
4.850000000000000000e+02
1.474000000000000000e+03
1.062000000000000000e+03
5.720000000000000000e+02
1.408000000000000000e+03
1.164000000000000000e+03
8.980000000000000000e+02
9.640000000000000000e+02
5.220000000000000000e+02
1.478000000000000000e+03
1.480000000000000000e+02
5.620000000000000000e+02
4.700000000000000000e+02
2.440000000000000000e+02
1.970000000000000000e+02
1.630000000000000000e+02
1.622000000000000000e+03
8.770000000000000000e+02
7.210000000000000000e+02
1.304000000000000000e+03
2.480000000000000000e+02
1.617000000000000000e+03
1.644000000000000000e+03
3.610000000000000000e+02
9.790000000000000000e+02
3.970000000000000000e+02
4.180000000000000000e+02
1.750000000000000000e+02
3.810000000000000000e+02
1.194000000000000000e+03
1.690000000000000000e+02
8.500000000000000000e+01
1.624000000000000000e+03
6.300000000000000000e+01
1.075000000000000000e+03
1.115000000000000000e+03
4.620000000000000000e+02
7.620000000000000000e+02
9.720000000000000000e+02
6.670000000000000000e+02
7.130000000000000000e+02
1.800000000000000000e+02
3.560000000000000000e+02
5.680000000000000000e+02
2.800000000000000000e+02
1.072000000000000000e+03
7.220000000000000000e+02
8.260000000000000000e+02
9.900000000000000000e+01
8.520000000000000000e+02
9.110000000000000000e+02
