2.060000000000000000e+02
9.570000000000000000e+02
1.469000000000000000e+03
4.900000000000000000e+02
1.614000000000000000e+03
2.140000000000000000e+02
1.135000000000000000e+03
7.700000000000000000e+02
2.900000000000000000e+02
8.300000000000000000e+02
1.430000000000000000e+02
6.290000000000000000e+02
5.860000000000000000e+02
1.511000000000000000e+03
1.581000000000000000e+03
1.017000000000000000e+03
2.630000000000000000e+02
1.660000000000000000e+03
1.195000000000000000e+03
9.270000000000000000e+02
6.590000000000000000e+02
8.580000000000000000e+02
9.730000000000000000e+02
3.340000000000000000e+02
8.210000000000000000e+02
1.564000000000000000e+03
7.060000000000000000e+02
8.740000000000000000e+02
4.730000000000000000e+02
5.800000000000000000e+01
7.890000000000000000e+02
1.124000000000000000e+03
3.420000000000000000e+02
3.910000000000000000e+02
3.250000000000000000e+02
9.660000000000000000e+02
3.070000000000000000e+02
1.348000000000000000e+03
9.120000000000000000e+02
1.570000000000000000e+02
1.269000000000000000e+03
9.560000000000000000e+02
3.570000000000000000e+02
1.052000000000000000e+03
1.730000000000000000e+02
1.366000000000000000e+03
9.000000000000000000e+01
7.430000000000000000e+02
1.290000000000000000e+03
5.630000000000000000e+02
1.580000000000000000e+03
3.400000000000000000e+01
1.561000000000000000e+03
1.313000000000000000e+03
1.050000000000000000e+03
1.248000000000000000e+03
1.653000000000000000e+03
1.660000000000000000e+02
9.400000000000000000e+01
9.680000000000000000e+02
6.270000000000000000e+02
1.144000000000000000e+03
1.136000000000000000e+03
1.487000000000000000e+03
7.310000000000000000e+02
2.750000000000000000e+02
1.187000000000000000e+03
1.099000000000000000e+03
1.365000000000000000e+03
1.280000000000000000e+03
4.110000000000000000e+02
7.820000000000000000e+02
6.250000000000000000e+02
4.970000000000000000e+02
1.036000000000000000e+03
1.152000000000000000e+03
1.079000000000000000e+03
1.123000000000000000e+03
1.228000000000000000e+03
6.690000000000000000e+02
1.574000000000000000e+03
1.214000000000000000e+03
1.193000000000000000e+03
9.890000000000000000e+02
1.314000000000000000e+03
4.590000000000000000e+02
2.050000000000000000e+02
1.257000000000000000e+03
7.000000000000000000e+00
1.371000000000000000e+03
9.780000000000000000e+02
9.030000000000000000e+02
8.020000000000000000e+02
1.411000000000000000e+03
1.159000000000000000e+03
4.610000000000000000e+02
1.062000000000000000e+03
1.580000000000000000e+02
2.350000000000000000e+02
1.910000000000000000e+02
1.060000000000000000e+02
1.603000000000000000e+03
1.111000000000000000e+03
2.770000000000000000e+02
1.339000000000000000e+03
1.515000000000000000e+03
1.297000000000000000e+03
4.240000000000000000e+02
2.880000000000000000e+02
5.370000000000000000e+02
1.173000000000000000e+03
9.700000000000000000e+01
7.810000000000000000e+02
1.119000000000000000e+03
6.220000000000000000e+02
1.322000000000000000e+03
1.468000000000000000e+03
2.110000000000000000e+02
1.478000000000000000e+03
9.180000000000000000e+02
5.560000000000000000e+02
9.600000000000000000e+02
7.610000000000000000e+02
1.610000000000000000e+03
7.990000000000000000e+02
2.780000000000000000e+02
1.516000000000000000e+03
1.243000000000000000e+03
1.304000000000000000e+03
1.006000000000000000e+03
1.389000000000000000e+03
1.021000000000000000e+03
6.700000000000000000e+02
6.580000000000000000e+02
7.960000000000000000e+02
7.160000000000000000e+02
2.030000000000000000e+02
4.660000000000000000e+02
6.440000000000000000e+02
3.440000000000000000e+02
4.470000000000000000e+02
2.130000000000000000e+02
8.120000000000000000e+02
1.527000000000000000e+03
5.980000000000000000e+02
1.070000000000000000e+02
3.510000000000000000e+02
1.210000000000000000e+03
1.172000000000000000e+03
5.180000000000000000e+02
8.500000000000000000e+01
2.870000000000000000e+02
6.900000000000000000e+02
7.600000000000000000e+02
7.270000000000000000e+02
7.880000000000000000e+02
2.990000000000000000e+02
7.170000000000000000e+02
1.300000000000000000e+02
7.020000000000000000e+02
1.629000000000000000e+03
1.625000000000000000e+03
1.230000000000000000e+02
1.433000000000000000e+03
9.070000000000000000e+02
2.200000000000000000e+01
6.710000000000000000e+02
1.870000000000000000e+02
2.710000000000000000e+02
8.040000000000000000e+02
7.400000000000000000e+02
1.531000000000000000e+03
1.507000000000000000e+03
2.250000000000000000e+02
7.080000000000000000e+02
1.970000000000000000e+02
1.630000000000000000e+03
8.200000000000000000e+01
8.620000000000000000e+02
1.486000000000000000e+03
9.060000000000000000e+02
8.610000000000000000e+02
1.522000000000000000e+03
2.000000000000000000e+00
5.730000000000000000e+02
1.590000000000000000e+03
1.002000000000000000e+03
1.351000000000000000e+03
6.320000000000000000e+02
6.100000000000000000e+01
9.880000000000000000e+02
1.525000000000000000e+03
9.370000000000000000e+02
6.470000000000000000e+02
4.170000000000000000e+02
1.504000000000000000e+03
1.113000000000000000e+03
1.547000000000000000e+03
9.960000000000000000e+02
1.244000000000000000e+03
5.000000000000000000e+01
1.517000000000000000e+03
1.216000000000000000e+03
1.013000000000000000e+03
8.170000000000000000e+02
2.860000000000000000e+02
4.910000000000000000e+02
1.270000000000000000e+02
9.460000000000000000e+02
3.970000000000000000e+02
5.700000000000000000e+02
1.224000000000000000e+03
1.189000000000000000e+03
8.950000000000000000e+02
1.200000000000000000e+01
5.440000000000000000e+02
1.005000000000000000e+03
1.409000000000000000e+03
2.510000000000000000e+02
8.630000000000000000e+02
6.060000000000000000e+02
9.440000000000000000e+02
8.490000000000000000e+02
1.307000000000000000e+03
4.440000000000000000e+02
6.550000000000000000e+02
3.620000000000000000e+02
1.597000000000000000e+03
9.690000000000000000e+02
1.316000000000000000e+03
4.210000000000000000e+02
1.370000000000000000e+02
3.160000000000000000e+02
8.440000000000000000e+02
1.530000000000000000e+02
1.512000000000000000e+03
1.850000000000000000e+02
7.250000000000000000e+02
1.506000000000000000e+03
8.060000000000000000e+02
5.310000000000000000e+02
6.030000000000000000e+02
4.500000000000000000e+02
7.350000000000000000e+02
7.490000000000000000e+02
1.197000000000000000e+03
4.350000000000000000e+02
1.503000000000000000e+03
1.168000000000000000e+03
6.300000000000000000e+01
1.536000000000000000e+03
1.368000000000000000e+03
4.180000000000000000e+02
8.880000000000000000e+02
6.150000000000000000e+02
8.770000000000000000e+02
1.326000000000000000e+03
3.950000000000000000e+02
1.780000000000000000e+02
4.400000000000000000e+01
1.340000000000000000e+03
3.550000000000000000e+02
1.558000000000000000e+03
2.000000000000000000e+01
1.218000000000000000e+03
1.930000000000000000e+02
1.266000000000000000e+03
1.615000000000000000e+03
4.680000000000000000e+02
7.620000000000000000e+02
9.700000000000000000e+02
1.262000000000000000e+03
1.417000000000000000e+03
9.530000000000000000e+02
1.568000000000000000e+03
3.800000000000000000e+01
1.046000000000000000e+03
1.387000000000000000e+03
7.900000000000000000e+01
1.033000000000000000e+03
1.303000000000000000e+03
4.780000000000000000e+02
3.890000000000000000e+02
2.380000000000000000e+02
1.185000000000000000e+03
5.820000000000000000e+02
1.241000000000000000e+03
8.150000000000000000e+02
2.570000000000000000e+02
1.385000000000000000e+03
1.288000000000000000e+03
1.447000000000000000e+03
7.700000000000000000e+01
6.700000000000000000e+01
7.100000000000000000e+02
4.700000000000000000e+01
2.120000000000000000e+02
6.300000000000000000e+02
1.498000000000000000e+03
5.680000000000000000e+02
1.169000000000000000e+03
1.370000000000000000e+03
4.900000000000000000e+01
8.080000000000000000e+02
7.870000000000000000e+02
4.330000000000000000e+02
1.560000000000000000e+03
3.260000000000000000e+02
1.312000000000000000e+03
6.400000000000000000e+01
1.160000000000000000e+02
1.920000000000000000e+02
1.549000000000000000e+03
8.940000000000000000e+02
1.025000000000000000e+03
1.470000000000000000e+02
1.436000000000000000e+03
1.377000000000000000e+03
4.300000000000000000e+01
5.330000000000000000e+02
1.382000000000000000e+03
1.647000000000000000e+03
1.587000000000000000e+03
1.086000000000000000e+03
1.640000000000000000e+03
1.508000000000000000e+03
8.680000000000000000e+02
1.428000000000000000e+03
1.400000000000000000e+02
1.126000000000000000e+03
9.310000000000000000e+02
1.015000000000000000e+03
8.900000000000000000e+02
1.392000000000000000e+03
1.311000000000000000e+03
1.490000000000000000e+02
3.600000000000000000e+01
8.100000000000000000e+01
6.720000000000000000e+02
5.600000000000000000e+01
5.210000000000000000e+02
5.670000000000000000e+02
1.290000000000000000e+02
3.450000000000000000e+02
4.220000000000000000e+02
4.490000000000000000e+02
2.850000000000000000e+02
1.588000000000000000e+03
1.088000000000000000e+03
8.450000000000000000e+02
1.403000000000000000e+03
1.636000000000000000e+03
7.180000000000000000e+02
1.375000000000000000e+03
1.027000000000000000e+03
1.600000000000000000e+02
1.263000000000000000e+03
8.460000000000000000e+02
1.379000000000000000e+03
3.100000000000000000e+02
1.207000000000000000e+03
1.770000000000000000e+02
7.940000000000000000e+02
7.360000000000000000e+02
1.236000000000000000e+03
3.870000000000000000e+02
1.344000000000000000e+03
1.790000000000000000e+02
1.325000000000000000e+03
1.860000000000000000e+02
5.810000000000000000e+02
8.920000000000000000e+02
1.347000000000000000e+03
1.644000000000000000e+03
1.201000000000000000e+03
1.546000000000000000e+03
6.600000000000000000e+01
1.520000000000000000e+03
1.455000000000000000e+03
6.110000000000000000e+02
1.333000000000000000e+03
4.840000000000000000e+02
2.210000000000000000e+02
6.670000000000000000e+02
6.160000000000000000e+02
5.880000000000000000e+02
4.720000000000000000e+02
1.650000000000000000e+02
6.800000000000000000e+01
1.621000000000000000e+03
6.630000000000000000e+02
8.550000000000000000e+02
6.190000000000000000e+02
6.400000000000000000e+02
5.100000000000000000e+02
1.100000000000000000e+03
1.182000000000000000e+03
5.030000000000000000e+02
1.356000000000000000e+03
5.910000000000000000e+02
1.641000000000000000e+03
1.308000000000000000e+03
2.530000000000000000e+02
6.960000000000000000e+02
8.260000000000000000e+02
7.120000000000000000e+02
3.810000000000000000e+02
1.026000000000000000e+03
1.069000000000000000e+03
6.870000000000000000e+02
8.310000000000000000e+02
8.790000000000000000e+02
7.260000000000000000e+02
1.084000000000000000e+03
1.390000000000000000e+02
9.280000000000000000e+02
3.100000000000000000e+01
1.407000000000000000e+03
2.200000000000000000e+02
7.830000000000000000e+02
1.513000000000000000e+03
9.990000000000000000e+02
6.510000000000000000e+02
1.410000000000000000e+03
1.092000000000000000e+03
1.461000000000000000e+03
4.190000000000000000e+02
7.410000000000000000e+02
2.260000000000000000e+02
1.317000000000000000e+03
1.656000000000000000e+03
2.650000000000000000e+02
1.231000000000000000e+03
5.380000000000000000e+02
1.147000000000000000e+03
1.338000000000000000e+03
1.353000000000000000e+03
5.000000000000000000e+00
8.710000000000000000e+02
9.210000000000000000e+02
4.850000000000000000e+02
3.800000000000000000e+02
3.710000000000000000e+02
1.330000000000000000e+02
6.830000000000000000e+02
1.880000000000000000e+02
4.830000000000000000e+02
8.320000000000000000e+02
1.296000000000000000e+03
1.611000000000000000e+03
4.760000000000000000e+02
8.190000000000000000e+02
3.560000000000000000e+02
1.161000000000000000e+03
9.670000000000000000e+02
9.150000000000000000e+02
4.630000000000000000e+02
9.330000000000000000e+02
9.340000000000000000e+02
1.176000000000000000e+03
1.548000000000000000e+03
1.279000000000000000e+03
8.600000000000000000e+01
1.550000000000000000e+02
1.097000000000000000e+03
3.350000000000000000e+02
6.910000000000000000e+02
1.186000000000000000e+03
2.490000000000000000e+02
6.800000000000000000e+02
4.050000000000000000e+02
4.380000000000000000e+02
1.134000000000000000e+03
6.090000000000000000e+02
4.260000000000000000e+02
9.170000000000000000e+02
8.560000000000000000e+02
7.190000000000000000e+02
5.230000000000000000e+02
8.100000000000000000e+02
