3.430000000000000000e+02
3.840000000000000000e+02
2.600000000000000000e+02
1.529000000000000000e+03
4.950000000000000000e+02
8.120000000000000000e+02
5.870000000000000000e+02
1.430000000000000000e+03
2.000000000000000000e+02
1.446000000000000000e+03
9.090000000000000000e+02
1.428000000000000000e+03
1.436000000000000000e+03
1.659000000000000000e+03
1.465000000000000000e+03
2.030000000000000000e+02
7.410000000000000000e+02
3.740000000000000000e+02
5.450000000000000000e+02
2.900000000000000000e+01
8.010000000000000000e+02
3.070000000000000000e+02
1.697000000000000000e+03
1.860000000000000000e+02
5.060000000000000000e+02
6.290000000000000000e+02
1.525000000000000000e+03
7.580000000000000000e+02
5.910000000000000000e+02
7.990000000000000000e+02
7.660000000000000000e+02
4.970000000000000000e+02
1.691000000000000000e+03
1.629000000000000000e+03
1.544000000000000000e+03
1.405000000000000000e+03
8.000000000000000000e+02
1.674000000000000000e+03
1.677000000000000000e+03
1.565000000000000000e+03
8.280000000000000000e+02
1.557000000000000000e+03
3.550000000000000000e+02
1.690000000000000000e+03
1.424000000000000000e+03
1.291000000000000000e+03
6.910000000000000000e+02
1.385000000000000000e+03
1.440000000000000000e+03
1.608000000000000000e+03
1.810000000000000000e+02
1.359000000000000000e+03
4.720000000000000000e+02
3.050000000000000000e+02
6.300000000000000000e+02
1.547000000000000000e+03
1.522000000000000000e+03
7.930000000000000000e+02
1.600000000000000000e+02
7.340000000000000000e+02
6.000000000000000000e+02
1.687000000000000000e+03
8.140000000000000000e+02
6.800000000000000000e+02
1.484000000000000000e+03
1.476000000000000000e+03
4.910000000000000000e+02
7.360000000000000000e+02
2.800000000000000000e+02
1.672000000000000000e+03
5.900000000000000000e+01
1.686000000000000000e+03
3.350000000000000000e+02
1.537000000000000000e+03
7.940000000000000000e+02
5.950000000000000000e+02
1.444000000000000000e+03
3.880000000000000000e+02
1.406000000000000000e+03
4.200000000000000000e+02
8.400000000000000000e+02
1.413000000000000000e+03
4.000000000000000000e+01
1.162000000000000000e+03
1.290000000000000000e+03
1.199000000000000000e+03
7.630000000000000000e+02
1.240000000000000000e+03
1.643000000000000000e+03
7.040000000000000000e+02
1.445000000000000000e+03
7.000000000000000000e+02
1.355000000000000000e+03
1.612000000000000000e+03
2.680000000000000000e+02
8.970000000000000000e+02
7.770000000000000000e+02
6.770000000000000000e+02
5.240000000000000000e+02
1.671000000000000000e+03
1.530000000000000000e+02
1.653000000000000000e+03
1.696000000000000000e+03
6.630000000000000000e+02
4.480000000000000000e+02
9.540000000000000000e+02
1.056000000000000000e+03
3.560000000000000000e+02
1.478000000000000000e+03
1.094000000000000000e+03
1.633000000000000000e+03
7.300000000000000000e+02
2.280000000000000000e+02
7.330000000000000000e+02
1.548000000000000000e+03
2.200000000000000000e+01
1.603000000000000000e+03
7.450000000000000000e+02
1.310000000000000000e+02
1.602000000000000000e+03
9.620000000000000000e+02
8.520000000000000000e+02
4.560000000000000000e+02
6.400000000000000000e+02
6.210000000000000000e+02
1.043000000000000000e+03
5.090000000000000000e+02
6.320000000000000000e+02
1.635000000000000000e+03
1.720000000000000000e+02
8.020000000000000000e+02
7.460000000000000000e+02
1.054000000000000000e+03
8.690000000000000000e+02
6.040000000000000000e+02
6.010000000000000000e+02
1.242000000000000000e+03
4.140000000000000000e+02
7.350000000000000000e+02
1.703000000000000000e+03
5.640000000000000000e+02
1.517000000000000000e+03
7.890000000000000000e+02
4.740000000000000000e+02
6.120000000000000000e+02
7.910000000000000000e+02
1.159000000000000000e+03
1.269000000000000000e+03
5.540000000000000000e+02
7.080000000000000000e+02
1.585000000000000000e+03
1.105000000000000000e+03
1.559000000000000000e+03
6.370000000000000000e+02
1.540000000000000000e+02
1.336000000000000000e+03
1.681000000000000000e+03
7.730000000000000000e+02
1.660000000000000000e+03
1.022000000000000000e+03
9.640000000000000000e+02
6.970000000000000000e+02
1.498000000000000000e+03
4.000000000000000000e+02
3.720000000000000000e+02
1.435000000000000000e+03
1.582000000000000000e+03
1.493000000000000000e+03
6.700000000000000000e+02
1.678000000000000000e+03
2.870000000000000000e+02
1.705000000000000000e+03
1.555000000000000000e+03
8.480000000000000000e+02
1.217000000000000000e+03
3.670000000000000000e+02
7.490000000000000000e+02
1.152000000000000000e+03
9.900000000000000000e+02
5.730000000000000000e+02
1.600000000000000000e+03
1.500000000000000000e+02
9.600000000000000000e+02
3.640000000000000000e+02
8.160000000000000000e+02
1.693000000000000000e+03
3.090000000000000000e+02
3.240000000000000000e+02
2.650000000000000000e+02
8.570000000000000000e+02
1.516000000000000000e+03
1.627000000000000000e+03
4.060000000000000000e+02
1.352000000000000000e+03
3.700000000000000000e+01
1.300000000000000000e+03
1.400000000000000000e+03
7.210000000000000000e+02
1.631000000000000000e+03
5.940000000000000000e+02
