1.500000000000000000e+02
5.790000000000000000e+02
5.970000000000000000e+02
6.500000000000000000e+02
3.980000000000000000e+02
4.660000000000000000e+02
7.940000000000000000e+02
1.428000000000000000e+03
1.493000000000000000e+03
8.040000000000000000e+02
2.270000000000000000e+02
1.677000000000000000e+03
5.410000000000000000e+02
7.380000000000000000e+02
1.510000000000000000e+03
1.693000000000000000e+03
5.000000000000000000e+02
8.340000000000000000e+02
1.674000000000000000e+03
1.554000000000000000e+03
3.880000000000000000e+02
1.610000000000000000e+03
1.277000000000000000e+03
4.860000000000000000e+02
7.260000000000000000e+02
1.184000000000000000e+03
1.068000000000000000e+03
1.601000000000000000e+03
7.350000000000000000e+02
3.840000000000000000e+02
7.930000000000000000e+02
1.043000000000000000e+03
4.910000000000000000e+02
7.180000000000000000e+02
7.800000000000000000e+01
3.350000000000000000e+02
8.300000000000000000e+01
1.660000000000000000e+03
1.197000000000000000e+03
1.691000000000000000e+03
1.524000000000000000e+03
6.440000000000000000e+02
1.542000000000000000e+03
6.320000000000000000e+02
1.221000000000000000e+03
4.700000000000000000e+02
1.413000000000000000e+03
6.770000000000000000e+02
1.159000000000000000e+03
1.369000000000000000e+03
1.585000000000000000e+03
5.910000000000000000e+02
8.490000000000000000e+02
8.110000000000000000e+02
5.520000000000000000e+02
7.980000000000000000e+02
1.410000000000000000e+02
4.480000000000000000e+02
6.590000000000000000e+02
1.537000000000000000e+03
1.054000000000000000e+03
4.240000000000000000e+02
1.649000000000000000e+03
1.069000000000000000e+03
9.760000000000000000e+02
1.620000000000000000e+02
1.544000000000000000e+03
1.160000000000000000e+02
3.710000000000000000e+02
2.010000000000000000e+02
1.094000000000000000e+03
1.329000000000000000e+03
8.520000000000000000e+02
4.300000000000000000e+02
1.292000000000000000e+03
6.100000000000000000e+02
4.430000000000000000e+02
1.476000000000000000e+03
1.598000000000000000e+03
1.635000000000000000e+03
4.940000000000000000e+02
1.337000000000000000e+03
1.608000000000000000e+03
1.422000000000000000e+03
1.514000000000000000e+03
1.343000000000000000e+03
1.330000000000000000e+03
5.870000000000000000e+02
9.500000000000000000e+01
1.410000000000000000e+03
1.517000000000000000e+03
1.411000000000000000e+03
1.595000000000000000e+03
1.084000000000000000e+03
4.530000000000000000e+02
7.130000000000000000e+02
1.480000000000000000e+03
6.510000000000000000e+02
7.210000000000000000e+02
2.190000000000000000e+02
9.270000000000000000e+02
4.950000000000000000e+02
7.240000000000000000e+02
5.590000000000000000e+02
5.750000000000000000e+02
8.130000000000000000e+02
1.680000000000000000e+03
8.560000000000000000e+02
5.190000000000000000e+02
1.697000000000000000e+03
7.400000000000000000e+02
8.280000000000000000e+02
5.220000000000000000e+02
5.690000000000000000e+02
1.639000000000000000e+03
2.950000000000000000e+02
1.307000000000000000e+03
3.890000000000000000e+02
1.582000000000000000e+03
2.700000000000000000e+01
1.534000000000000000e+03
3.620000000000000000e+02
6.950000000000000000e+02
1.636000000000000000e+03
5.680000000000000000e+02
2.490000000000000000e+02
8.980000000000000000e+02
5.510000000000000000e+02
1.531000000000000000e+03
1.632000000000000000e+03
3.610000000000000000e+02
9.840000000000000000e+02
1.513000000000000000e+03
1.495000000000000000e+03
1.690000000000000000e+02
8.020000000000000000e+02
5.300000000000000000e+02
7.850000000000000000e+02
7.870000000000000000e+02
1.351000000000000000e+03
5.820000000000000000e+02
4.600000000000000000e+02
1.555000000000000000e+03
7.770000000000000000e+02
1.486000000000000000e+03
1.596000000000000000e+03
7.490000000000000000e+02
2.470000000000000000e+02
1.211000000000000000e+03
1.315000000000000000e+03
1.621000000000000000e+03
1.015000000000000000e+03
1.216000000000000000e+03
1.490000000000000000e+03
3.550000000000000000e+02
2.910000000000000000e+02
1.503000000000000000e+03
7.650000000000000000e+02
3.150000000000000000e+02
1.029000000000000000e+03
1.401000000000000000e+03
3.910000000000000000e+02
7.190000000000000000e+02
7.360000000000000000e+02
1.245000000000000000e+03
1.252000000000000000e+03
3.370000000000000000e+02
1.091000000000000000e+03
1.088000000000000000e+03
1.631000000000000000e+03
7.460000000000000000e+02
7.040000000000000000e+02
1.048000000000000000e+03
6.350000000000000000e+02
1.309000000000000000e+03
1.478000000000000000e+03
1.529000000000000000e+03
1.445000000000000000e+03
3.090000000000000000e+02
8.770000000000000000e+02
9.230000000000000000e+02
1.673000000000000000e+03
8.380000000000000000e+02
1.130000000000000000e+02
1.626000000000000000e+03
2.730000000000000000e+02
8.180000000000000000e+02
1.516000000000000000e+03
1.668000000000000000e+03
1.272000000000000000e+03
1.120000000000000000e+02
1.683000000000000000e+03
5.390000000000000000e+02
1.538000000000000000e+03
1.431000000000000000e+03
1.269000000000000000e+03
7.120000000000000000e+02
1.629000000000000000e+03
8.200000000000000000e+02
1.388000000000000000e+03
