5.800000000000000000e+02
1.421000000000000000e+03
5.430000000000000000e+02
7.960000000000000000e+02
3.330000000000000000e+02
9.510000000000000000e+02
9.900000000000000000e+02
7.000000000000000000e+00
2.830000000000000000e+02
2.010000000000000000e+02
1.622000000000000000e+03
8.220000000000000000e+02
4.850000000000000000e+02
1.515000000000000000e+03
1.613000000000000000e+03
7.200000000000000000e+01
9.910000000000000000e+02
1.641000000000000000e+03
1.337000000000000000e+03
2.510000000000000000e+02
1.520000000000000000e+02
1.565000000000000000e+03
1.270000000000000000e+03
1.488000000000000000e+03
3.750000000000000000e+02
1.227000000000000000e+03
1.278000000000000000e+03
5.930000000000000000e+02
6.080000000000000000e+02
4.590000000000000000e+02
1.500000000000000000e+01
5.320000000000000000e+02
1.284000000000000000e+03
1.581000000000000000e+03
6.160000000000000000e+02
9.650000000000000000e+02
1.019000000000000000e+03
1.655000000000000000e+03
2.970000000000000000e+02
8.890000000000000000e+02
3.530000000000000000e+02
7.110000000000000000e+02
8.000000000000000000e+00
9.480000000000000000e+02
2.170000000000000000e+02
1.021000000000000000e+03
9.140000000000000000e+02
3.220000000000000000e+02
1.446000000000000000e+03
1.445000000000000000e+03
5.190000000000000000e+02
1.247000000000000000e+03
4.370000000000000000e+02
1.429000000000000000e+03
1.449000000000000000e+03
1.373000000000000000e+03
8.140000000000000000e+02
1.624000000000000000e+03
1.341000000000000000e+03
9.200000000000000000e+02
3.870000000000000000e+02
1.422000000000000000e+03
7.300000000000000000e+01
8.800000000000000000e+01
1.426000000000000000e+03
1.440000000000000000e+03
1.118000000000000000e+03
6.880000000000000000e+02
1.800000000000000000e+01
1.039000000000000000e+03
8.330000000000000000e+02
5.440000000000000000e+02
1.153000000000000000e+03
1.425000000000000000e+03
1.619000000000000000e+03
9.670000000000000000e+02
9.600000000000000000e+02
7.810000000000000000e+02
3.410000000000000000e+02
1.213000000000000000e+03
1.602000000000000000e+03
2.640000000000000000e+02
9.930000000000000000e+02
4.250000000000000000e+02
3.560000000000000000e+02
1.063000000000000000e+03
2.400000000000000000e+01
1.556000000000000000e+03
1.189000000000000000e+03
2.780000000000000000e+02
1.241000000000000000e+03
4.510000000000000000e+02
8.840000000000000000e+02
2.180000000000000000e+02
1.122000000000000000e+03
1.364000000000000000e+03
1.155000000000000000e+03
7.090000000000000000e+02
1.032000000000000000e+03
7.440000000000000000e+02
6.490000000000000000e+02
3.010000000000000000e+02
1.700000000000000000e+02
6.720000000000000000e+02
1.451000000000000000e+03
5.630000000000000000e+02
8.770000000000000000e+02
1.670000000000000000e+02
1.095000000000000000e+03
8.270000000000000000e+02
6.030000000000000000e+02
1.092000000000000000e+03
1.079000000000000000e+03
1.436000000000000000e+03
4.470000000000000000e+02
1.076000000000000000e+03
9.300000000000000000e+01
1.348000000000000000e+03
1.494000000000000000e+03
1.534000000000000000e+03
3.660000000000000000e+02
9.830000000000000000e+02
3.070000000000000000e+02
5.020000000000000000e+02
6.640000000000000000e+02
3.570000000000000000e+02
1.528000000000000000e+03
1.563000000000000000e+03
3.500000000000000000e+01
8.300000000000000000e+02
3.120000000000000000e+02
1.170000000000000000e+02
9.010000000000000000e+02
1.124000000000000000e+03
1.516000000000000000e+03
1.050000000000000000e+02
1.400000000000000000e+03
1.128000000000000000e+03
4.130000000000000000e+02
2.530000000000000000e+02
9.000000000000000000e+02
1.391000000000000000e+03
1.420000000000000000e+03
6.190000000000000000e+02
2.750000000000000000e+02
5.700000000000000000e+02
1.527000000000000000e+03
9.020000000000000000e+02
3.850000000000000000e+02
1.587000000000000000e+03
2.230000000000000000e+02
1.085000000000000000e+03
1.323000000000000000e+03
7.000000000000000000e+01
1.585000000000000000e+03
8.200000000000000000e+01
1.658000000000000000e+03
9.190000000000000000e+02
8.250000000000000000e+02
1.471000000000000000e+03
1.091000000000000000e+03
6.700000000000000000e+02
1.507000000000000000e+03
1.393000000000000000e+03
1.334000000000000000e+03
2.890000000000000000e+02
1.506000000000000000e+03
9.160000000000000000e+02
1.143000000000000000e+03
1.610000000000000000e+03
3.960000000000000000e+02
1.040000000000000000e+02
1.501000000000000000e+03
1.162000000000000000e+03
9.080000000000000000e+02
9.850000000000000000e+02
7.100000000000000000e+01
9.090000000000000000e+02
1.531000000000000000e+03
9.280000000000000000e+02
1.656000000000000000e+03
8.170000000000000000e+02
6.050000000000000000e+02
8.980000000000000000e+02
4.200000000000000000e+02
2.880000000000000000e+02
5.140000000000000000e+02
1.048000000000000000e+03
1.470000000000000000e+02
7.970000000000000000e+02
1.487000000000000000e+03
6.850000000000000000e+02
1.430000000000000000e+02
1.539000000000000000e+03
1.617000000000000000e+03
5.640000000000000000e+02
8.940000000000000000e+02
7.200000000000000000e+02
9.820000000000000000e+02
8.350000000000000000e+02
1.043000000000000000e+03
8.540000000000000000e+02
6.920000000000000000e+02
9.770000000000000000e+02
1.226000000000000000e+03
8.820000000000000000e+02
4.500000000000000000e+01
2.340000000000000000e+02
5.840000000000000000e+02
1.129000000000000000e+03
1.579000000000000000e+03
6.860000000000000000e+02
5.900000000000000000e+02
1.375000000000000000e+03
1.370000000000000000e+03
1.195000000000000000e+03
1.524000000000000000e+03
3.860000000000000000e+02
2.610000000000000000e+02
6.100000000000000000e+02
1.665000000000000000e+03
4.660000000000000000e+02
1.623000000000000000e+03
8.120000000000000000e+02
1.603000000000000000e+03
3.600000000000000000e+02
1.455000000000000000e+03
8.760000000000000000e+02
9.720000000000000000e+02
1.360000000000000000e+02
3.900000000000000000e+01
2.210000000000000000e+02
5.720000000000000000e+02
1.750000000000000000e+02
9.000000000000000000e+00
2.000000000000000000e+00
5.280000000000000000e+02
1.358000000000000000e+03
8.380000000000000000e+02
1.067000000000000000e+03
7.710000000000000000e+02
5.820000000000000000e+02
6.480000000000000000e+02
1.172000000000000000e+03
1.070000000000000000e+03
1.401000000000000000e+03
1.261000000000000000e+03
8.150000000000000000e+02
1.638000000000000000e+03
1.275000000000000000e+03
1.102000000000000000e+03
1.267000000000000000e+03
6.090000000000000000e+02
7.080000000000000000e+02
1.940000000000000000e+02
2.650000000000000000e+02
7.530000000000000000e+02
1.146000000000000000e+03
1.369000000000000000e+03
1.327000000000000000e+03
1.119000000000000000e+03
1.294000000000000000e+03
1.511000000000000000e+03
1.840000000000000000e+02
1.500000000000000000e+02
3.270000000000000000e+02
1.257000000000000000e+03
4.070000000000000000e+02
5.150000000000000000e+02
1.003000000000000000e+03
1.256000000000000000e+03
1.399000000000000000e+03
8.450000000000000000e+02
7.380000000000000000e+02
1.347000000000000000e+03
1.320000000000000000e+03
3.200000000000000000e+01
2.700000000000000000e+02
1.523000000000000000e+03
5.400000000000000000e+01
5.600000000000000000e+01
1.552000000000000000e+03
1.177000000000000000e+03
2.450000000000000000e+02
1.206000000000000000e+03
1.628000000000000000e+03
4.790000000000000000e+02
1.583000000000000000e+03
7.500000000000000000e+02
6.220000000000000000e+02
2.220000000000000000e+02
4.290000000000000000e+02
4.220000000000000000e+02
9.490000000000000000e+02
1.290000000000000000e+03
5.050000000000000000e+02
7.280000000000000000e+02
1.363000000000000000e+03
1.285000000000000000e+03
9.980000000000000000e+02
2.460000000000000000e+02
1.387000000000000000e+03
1.297000000000000000e+03
1.537000000000000000e+03
8.070000000000000000e+02
1.486000000000000000e+03
1.398000000000000000e+03
1.500000000000000000e+03
2.570000000000000000e+02
1.026000000000000000e+03
4.110000000000000000e+02
1.554000000000000000e+03
1.374000000000000000e+03
1.000000000000000000e+01
1.209000000000000000e+03
6.770000000000000000e+02
1.125000000000000000e+03
1.432000000000000000e+03
1.427000000000000000e+03
6.380000000000000000e+02
1.000000000000000000e+03
1.657000000000000000e+03
4.080000000000000000e+02
2.560000000000000000e+02
7.260000000000000000e+02
1.340000000000000000e+03
2.300000000000000000e+01
4.020000000000000000e+02
8.410000000000000000e+02
1.020000000000000000e+02
1.541000000000000000e+03
2.900000000000000000e+01
1.477000000000000000e+03
1.820000000000000000e+02
1.810000000000000000e+02
5.000000000000000000e+01
1.161000000000000000e+03
4.060000000000000000e+02
1.250000000000000000e+02
9.730000000000000000e+02
1.080000000000000000e+03
1.509000000000000000e+03
8.660000000000000000e+02
1.176000000000000000e+03
9.270000000000000000e+02
5.080000000000000000e+02
8.630000000000000000e+02
6.680000000000000000e+02
1.127000000000000000e+03
2.870000000000000000e+02
2.120000000000000000e+02
1.870000000000000000e+02
1.145000000000000000e+03
1.190000000000000000e+03
8.340000000000000000e+02
1.592000000000000000e+03
8.650000000000000000e+02
1.650000000000000000e+02
5.540000000000000000e+02
1.059000000000000000e+03
1.056000000000000000e+03
3.600000000000000000e+01
4.380000000000000000e+02
1.144000000000000000e+03
1.437000000000000000e+03
4.730000000000000000e+02
1.295000000000000000e+03
8.030000000000000000e+02
1.690000000000000000e+02
7.600000000000000000e+01
1.580000000000000000e+02
5.870000000000000000e+02
1.287000000000000000e+03
3.260000000000000000e+02
1.577000000000000000e+03
5.760000000000000000e+02
8.900000000000000000e+02
1.053000000000000000e+03
1.597000000000000000e+03
5.110000000000000000e+02
7.830000000000000000e+02
1.239000000000000000e+03
1.346000000000000000e+03
1.538000000000000000e+03
5.950000000000000000e+02
1.700000000000000000e+01
6.810000000000000000e+02
9.070000000000000000e+02
6.670000000000000000e+02
7.250000000000000000e+02
9.940000000000000000e+02
6.310000000000000000e+02
5.610000000000000000e+02
1.243000000000000000e+03
1.197000000000000000e+03
1.051000000000000000e+03
9.040000000000000000e+02
5.460000000000000000e+02
2.630000000000000000e+02
8.780000000000000000e+02
3.800000000000000000e+01
3.300000000000000000e+02
1.114000000000000000e+03
2.070000000000000000e+02
7.550000000000000000e+02
1.383000000000000000e+03
1.392000000000000000e+03
5.220000000000000000e+02
1.072000000000000000e+03
9.030000000000000000e+02
6.360000000000000000e+02
1.150000000000000000e+03
1.009000000000000000e+03
1.251000000000000000e+03
9.630000000000000000e+02
5.990000000000000000e+02
1.530000000000000000e+02
1.274000000000000000e+03
5.070000000000000000e+02
5.740000000000000000e+02
1.014000000000000000e+03
5.340000000000000000e+02
2.930000000000000000e+02
8.430000000000000000e+02
1.291000000000000000e+03
1.082000000000000000e+03
1.069000000000000000e+03
4.140000000000000000e+02
1.520000000000000000e+03
1.132000000000000000e+03
4.560000000000000000e+02
1.142000000000000000e+03
1.533000000000000000e+03
8.400000000000000000e+01
8.010000000000000000e+02
7.880000000000000000e+02
6.930000000000000000e+02
1.200000000000000000e+02
1.434000000000000000e+03
3.890000000000000000e+02
1.260000000000000000e+03
1.450000000000000000e+03
1.599000000000000000e+03
4.930000000000000000e+02
1.578000000000000000e+03
2.110000000000000000e+02
3.720000000000000000e+02
1.385000000000000000e+03
1.621000000000000000e+03
1.600000000000000000e+01
1.497000000000000000e+03
4.120000000000000000e+02
4.920000000000000000e+02
1.087000000000000000e+03
3.000000000000000000e+02
9.060000000000000000e+02
1.135000000000000000e+03
1.030000000000000000e+03
4.700000000000000000e+02
1.044000000000000000e+03
2.950000000000000000e+02
3.810000000000000000e+02
1.452000000000000000e+03
4.520000000000000000e+02
1.319000000000000000e+03
1.222000000000000000e+03
9.230000000000000000e+02
1.558000000000000000e+03
1.304000000000000000e+03
5.780000000000000000e+02
3.920000000000000000e+02
9.620000000000000000e+02
2.920000000000000000e+02
1.200000000000000000e+01
1.238000000000000000e+03
1.620000000000000000e+02
1.338000000000000000e+03
1.591000000000000000e+03
1.344000000000000000e+03
9.640000000000000000e+02
