4.064000000000000000e+03
3.674000000000000000e+03
4.061000000000000000e+03
3.676000000000000000e+03
3.458000000000000000e+03
6.600000000000000000e+01
4.793000000000000000e+03
4.218000000000000000e+03
1.521000000000000000e+03
4.086000000000000000e+03
3.424000000000000000e+03
4.428000000000000000e+03
1.179000000000000000e+03
1.205000000000000000e+03
3.313000000000000000e+03
1.358000000000000000e+03
2.788000000000000000e+03
1.611000000000000000e+03
4.070000000000000000e+02
3.816000000000000000e+03
6.820000000000000000e+02
3.525000000000000000e+03
3.276000000000000000e+03
1.922000000000000000e+03
3.907000000000000000e+03
1.195000000000000000e+03
9.980000000000000000e+02
3.778000000000000000e+03
3.790000000000000000e+03
1.357000000000000000e+03
1.714000000000000000e+03
1.080000000000000000e+02
6.910000000000000000e+02
1.751000000000000000e+03
2.671000000000000000e+03
4.860000000000000000e+02
7.290000000000000000e+02
8.400000000000000000e+01
5.140000000000000000e+02
1.606000000000000000e+03
8.420000000000000000e+02
6.000000000000000000e+01
3.641000000000000000e+03
2.426000000000000000e+03
3.620000000000000000e+02
3.193000000000000000e+03
4.760000000000000000e+03
1.835000000000000000e+03
3.470000000000000000e+03
2.640000000000000000e+03
4.120000000000000000e+03
1.018000000000000000e+03
1.346000000000000000e+03
4.619000000000000000e+03
3.578000000000000000e+03
3.747000000000000000e+03
2.310000000000000000e+02
1.108000000000000000e+03
4.190000000000000000e+03
2.915000000000000000e+03
2.058000000000000000e+03
7.840000000000000000e+02
4.670000000000000000e+03
4.580000000000000000e+02
4.074000000000000000e+03
1.898000000000000000e+03
3.611000000000000000e+03
4.884000000000000000e+03
4.615000000000000000e+03
5.730000000000000000e+02
1.706000000000000000e+03
1.402000000000000000e+03
4.406000000000000000e+03
4.178000000000000000e+03
3.814000000000000000e+03
2.055000000000000000e+03
1.798000000000000000e+03
1.930000000000000000e+02
2.419000000000000000e+03
2.514000000000000000e+03
7.120000000000000000e+02
2.345000000000000000e+03
2.623000000000000000e+03
2.880000000000000000e+02
3.559000000000000000e+03
3.049000000000000000e+03
4.082000000000000000e+03
1.210000000000000000e+02
2.453000000000000000e+03
1.016000000000000000e+03
3.063000000000000000e+03
8.990000000000000000e+02
4.287000000000000000e+03
1.099000000000000000e+03
2.064000000000000000e+03
1.731000000000000000e+03
3.428000000000000000e+03
4.433000000000000000e+03
2.959000000000000000e+03
2.349000000000000000e+03
4.502000000000000000e+03
4.161000000000000000e+03
2.553000000000000000e+03
4.423000000000000000e+03
3.903000000000000000e+03
2.545000000000000000e+03
3.512000000000000000e+03
2.638000000000000000e+03
9.190000000000000000e+02
1.636000000000000000e+03
3.497000000000000000e+03
2.393000000000000000e+03
1.297000000000000000e+03
1.435000000000000000e+03
8.050000000000000000e+02
1.500000000000000000e+03
3.113000000000000000e+03
1.207000000000000000e+03
4.443000000000000000e+03
2.509000000000000000e+03
1.767000000000000000e+03
2.605000000000000000e+03
3.744000000000000000e+03
2.737000000000000000e+03
3.740000000000000000e+02
2.014000000000000000e+03
3.457000000000000000e+03
2.556000000000000000e+03
1.488000000000000000e+03
2.273000000000000000e+03
4.282000000000000000e+03
2.183000000000000000e+03
4.020000000000000000e+02
2.425000000000000000e+03
4.430000000000000000e+03
3.673000000000000000e+03
3.629000000000000000e+03
4.413000000000000000e+03
4.047000000000000000e+03
5.680000000000000000e+02
1.340000000000000000e+03
1.304000000000000000e+03
1.265000000000000000e+03
1.627000000000000000e+03
1.258000000000000000e+03
2.109000000000000000e+03
2.980000000000000000e+03
4.106000000000000000e+03
2.317000000000000000e+03
1.193000000000000000e+03
1.512000000000000000e+03
2.420000000000000000e+02
2.847000000000000000e+03
7.350000000000000000e+02
4.252000000000000000e+03
8.780000000000000000e+02
2.796000000000000000e+03
4.898000000000000000e+03
4.334000000000000000e+03
3.995000000000000000e+03
1.403000000000000000e+03
9.970000000000000000e+02
2.163000000000000000e+03
7.170000000000000000e+02
1.561000000000000000e+03
1.455000000000000000e+03
4.481000000000000000e+03
1.290000000000000000e+03
4.494000000000000000e+03
3.940000000000000000e+03
1.631000000000000000e+03
4.515000000000000000e+03
2.291000000000000000e+03
2.460000000000000000e+02
2.040000000000000000e+03
3.967000000000000000e+03
1.414000000000000000e+03
5.460000000000000000e+02
3.986000000000000000e+03
4.152000000000000000e+03
3.681000000000000000e+03
3.205000000000000000e+03
4.855000000000000000e+03
1.279000000000000000e+03
4.750000000000000000e+03
4.729000000000000000e+03
1.815000000000000000e+03
2.125000000000000000e+03
3.266000000000000000e+03
5.630000000000000000e+02
3.948000000000000000e+03
9.570000000000000000e+02
4.600000000000000000e+01
2.538000000000000000e+03
4.820000000000000000e+02
2.050000000000000000e+03
9.290000000000000000e+02
3.284000000000000000e+03
2.804000000000000000e+03
1.813000000000000000e+03
2.995000000000000000e+03
2.180000000000000000e+03
3.840000000000000000e+02
3.476000000000000000e+03
3.518000000000000000e+03
3.141000000000000000e+03
1.440000000000000000e+03
4.712000000000000000e+03
1.464000000000000000e+03
3.235000000000000000e+03
3.934000000000000000e+03
1.267000000000000000e+03
4.752000000000000000e+03
2.727000000000000000e+03
2.990000000000000000e+02
6.500000000000000000e+01
3.930000000000000000e+03
2.118000000000000000e+03
2.626000000000000000e+03
3.941000000000000000e+03
3.176000000000000000e+03
1.883000000000000000e+03
4.840000000000000000e+02
3.127000000000000000e+03
4.514000000000000000e+03
2.149000000000000000e+03
4.115000000000000000e+03
2.099000000000000000e+03
2.650000000000000000e+03
3.222000000000000000e+03
4.108000000000000000e+03
4.362000000000000000e+03
2.524000000000000000e+03
9.110000000000000000e+02
1.433000000000000000e+03
2.725000000000000000e+03
2.660000000000000000e+03
1.175000000000000000e+03
3.026000000000000000e+03
3.239000000000000000e+03
1.820000000000000000e+03
1.100000000000000000e+02
4.200000000000000000e+03
2.700000000000000000e+02
4.370000000000000000e+03
1.542000000000000000e+03
4.241000000000000000e+03
1.530000000000000000e+03
3.339000000000000000e+03
1.050000000000000000e+03
2.325000000000000000e+03
3.957000000000000000e+03
3.304000000000000000e+03
2.137000000000000000e+03
3.060000000000000000e+03
1.644000000000000000e+03
6.040000000000000000e+02
4.775000000000000000e+03
3.892000000000000000e+03
1.199000000000000000e+03
3.868000000000000000e+03
3.830000000000000000e+03
2.822000000000000000e+03
7.390000000000000000e+02
2.616000000000000000e+03
2.797000000000000000e+03
4.625000000000000000e+03
4.727000000000000000e+03
2.076000000000000000e+03
1.052000000000000000e+03
3.346000000000000000e+03
3.145000000000000000e+03
1.422000000000000000e+03
3.446000000000000000e+03
4.289000000000000000e+03
3.496000000000000000e+03
4.228000000000000000e+03
2.527000000000000000e+03
3.432000000000000000e+03
4.090000000000000000e+02
4.601000000000000000e+03
1.480000000000000000e+02
4.844000000000000000e+03
4.544000000000000000e+03
5.040000000000000000e+02
1.330000000000000000e+02
2.602000000000000000e+03
2.701000000000000000e+03
4.500000000000000000e+01
3.899000000000000000e+03
2.493000000000000000e+03
1.093000000000000000e+03
1.651000000000000000e+03
4.644000000000000000e+03
2.088000000000000000e+03
3.287000000000000000e+03
9.670000000000000000e+02
2.601000000000000000e+03
2.712000000000000000e+03
9.640000000000000000e+02
4.200000000000000000e+01
1.944000000000000000e+03
2.991000000000000000e+03
4.328000000000000000e+03
3.022000000000000000e+03
4.848000000000000000e+03
3.095000000000000000e+03
1.980000000000000000e+03
3.600000000000000000e+01
4.305000000000000000e+03
7.910000000000000000e+02
4.838000000000000000e+03
7.370000000000000000e+02
1.772000000000000000e+03
3.160000000000000000e+03
3.867000000000000000e+03
4.420000000000000000e+03
2.656000000000000000e+03
2.889000000000000000e+03
3.444000000000000000e+03
1.777000000000000000e+03
4.042000000000000000e+03
1.301000000000000000e+03
1.780000000000000000e+02
2.130000000000000000e+03
4.893000000000000000e+03
1.102000000000000000e+03
2.101000000000000000e+03
1.229000000000000000e+03
3.197000000000000000e+03
1.421000000000000000e+03
6.250000000000000000e+02
1.410000000000000000e+02
3.614000000000000000e+03
2.071000000000000000e+03
4.536000000000000000e+03
4.879000000000000000e+03
3.057000000000000000e+03
2.261000000000000000e+03
1.719000000000000000e+03
4.195000000000000000e+03
9.510000000000000000e+02
2.890000000000000000e+03
7.300000000000000000e+02
3.450000000000000000e+02
2.123000000000000000e+03
3.725000000000000000e+03
3.321000000000000000e+03
1.557000000000000000e+03
6.800000000000000000e+01
1.870000000000000000e+03
4.463000000000000000e+03
3.090000000000000000e+02
3.173000000000000000e+03
2.375000000000000000e+03
1.715000000000000000e+03
4.732000000000000000e+03
8.110000000000000000e+02
1.337000000000000000e+03
3.848000000000000000e+03
6.770000000000000000e+02
2.346000000000000000e+03
3.210000000000000000e+02
3.609000000000000000e+03
4.889000000000000000e+03
4.790000000000000000e+02
3.980000000000000000e+02
3.893000000000000000e+03
3.439000000000000000e+03
2.897000000000000000e+03
1.295000000000000000e+03
3.517000000000000000e+03
2.967000000000000000e+03
4.639000000000000000e+03
3.401000000000000000e+03
3.801000000000000000e+03
4.293000000000000000e+03
1.167000000000000000e+03
2.392000000000000000e+03
2.706000000000000000e+03
1.910000000000000000e+03
3.488000000000000000e+03
2.308000000000000000e+03
2.505000000000000000e+03
3.959000000000000000e+03
2.154000000000000000e+03
4.344000000000000000e+03
1.923000000000000000e+03
1.618000000000000000e+03
1.000000000000000000e+01
1.560000000000000000e+02
3.547000000000000000e+03
3.997000000000000000e+03
1.407000000000000000e+03
5.650000000000000000e+02
3.806000000000000000e+03
2.603000000000000000e+03
3.437000000000000000e+03
4.009000000000000000e+03
3.561000000000000000e+03
2.022000000000000000e+03
3.039000000000000000e+03
7.660000000000000000e+02
4.146000000000000000e+03
3.262000000000000000e+03
4.529000000000000000e+03
1.859000000000000000e+03
2.933000000000000000e+03
3.152000000000000000e+03
5.260000000000000000e+02
4.815000000000000000e+03
1.221000000000000000e+03
3.440000000000000000e+02
4.687000000000000000e+03
3.185000000000000000e+03
4.491000000000000000e+03
1.994000000000000000e+03
3.373000000000000000e+03
4.100000000000000000e+03
2.211000000000000000e+03
7.480000000000000000e+02
1.479000000000000000e+03
2.344000000000000000e+03
2.837000000000000000e+03
5.810000000000000000e+02
1.604000000000000000e+03
3.805000000000000000e+03
1.578000000000000000e+03
4.255000000000000000e+03
3.164000000000000000e+03
4.780000000000000000e+03
2.640000000000000000e+02
2.112000000000000000e+03
9.830000000000000000e+02
1.245000000000000000e+03
1.318000000000000000e+03
3.332000000000000000e+03
1.673000000000000000e+03
4.763000000000000000e+03
4.914000000000000000e+03
3.985000000000000000e+03
2.615000000000000000e+03
2.298000000000000000e+03
3.701000000000000000e+03
4.343000000000000000e+03
4.495000000000000000e+03
4.612000000000000000e+03
1.619000000000000000e+03
4.070000000000000000e+03
4.317000000000000000e+03
2.911000000000000000e+03
3.204000000000000000e+03
2.895000000000000000e+03
9.430000000000000000e+02
8.500000000000000000e+02
3.785000000000000000e+03
4.439000000000000000e+03
2.132000000000000000e+03
4.915000000000000000e+03
1.201000000000000000e+03
2.783000000000000000e+03
4.346000000000000000e+03
7.880000000000000000e+02
3.544000000000000000e+03
1.237000000000000000e+03
1.977000000000000000e+03
1.097000000000000000e+03
3.256000000000000000e+03
3.361000000000000000e+03
1.571000000000000000e+03
9.310000000000000000e+02
3.418000000000000000e+03
2.829000000000000000e+03
1.212000000000000000e+03
3.807000000000000000e+03
1.920000000000000000e+03
1.635000000000000000e+03
3.498000000000000000e+03
1.939000000000000000e+03
4.520000000000000000e+03
6.130000000000000000e+02
1.043000000000000000e+03
1.810000000000000000e+02
7.360000000000000000e+02
4.487000000000000000e+03
2.240000000000000000e+02
1.091000000000000000e+03
7.780000000000000000e+02
1.614000000000000000e+03
1.395000000000000000e+03
3.119000000000000000e+03
2.429000000000000000e+03
3.487000000000000000e+03
1.943000000000000000e+03
1.782000000000000000e+03
1.426000000000000000e+03
1.979000000000000000e+03
3.128000000000000000e+03
1.532000000000000000e+03
4.570000000000000000e+02
2.131000000000000000e+03
1.723000000000000000e+03
1.960000000000000000e+03
1.210000000000000000e+03
3.139000000000000000e+03
1.041000000000000000e+03
4.632000000000000000e+03
1.355000000000000000e+03
4.284000000000000000e+03
2.768000000000000000e+03
2.338000000000000000e+03
7.100000000000000000e+02
3.603000000000000000e+03
1.202000000000000000e+03
1.003000000000000000e+03
3.799000000000000000e+03
8.210000000000000000e+02
3.064000000000000000e+03
2.851000000000000000e+03
2.953000000000000000e+03
3.061000000000000000e+03
2.128000000000000000e+03
4.005000000000000000e+03
9.340000000000000000e+02
3.396000000000000000e+03
2.753000000000000000e+03
8.190000000000000000e+02
4.174000000000000000e+03
8.140000000000000000e+02
8.280000000000000000e+02
2.675000000000000000e+03
3.895000000000000000e+03
4.707000000000000000e+03
2.633000000000000000e+03
4.067000000000000000e+03
3.280000000000000000e+02
4.043000000000000000e+03
2.284000000000000000e+03
1.824000000000000000e+03
1.778000000000000000e+03
1.462000000000000000e+03
1.871000000000000000e+03
4.874000000000000000e+03
2.824000000000000000e+03
3.800000000000000000e+01
1.746000000000000000e+03
3.884000000000000000e+03
8.650000000000000000e+02
4.912000000000000000e+03
3.952000000000000000e+03
1.588000000000000000e+03
4.342000000000000000e+03
4.081000000000000000e+03
2.677000000000000000e+03
1.434000000000000000e+03
6.430000000000000000e+02
8.470000000000000000e+02
1.158000000000000000e+03
4.742000000000000000e+03
3.178000000000000000e+03
1.582000000000000000e+03
3.792000000000000000e+03
1.079000000000000000e+03
1.936000000000000000e+03
2.341000000000000000e+03
3.430000000000000000e+02
1.413000000000000000e+03
1.157000000000000000e+03
3.772000000000000000e+03
3.327000000000000000e+03
3.460000000000000000e+03
3.605000000000000000e+03
3.167000000000000000e+03
2.732000000000000000e+03
1.117000000000000000e+03
4.359000000000000000e+03
4.063000000000000000e+03
7.950000000000000000e+02
1.231000000000000000e+03
2.184000000000000000e+03
1.338000000000000000e+03
6.320000000000000000e+02
2.584000000000000000e+03
6.900000000000000000e+02
4.213000000000000000e+03
1.466000000000000000e+03
4.000000000000000000e+02
4.319000000000000000e+03
3.655000000000000000e+03
1.138000000000000000e+03
1.634000000000000000e+03
3.546000000000000000e+03
4.472000000000000000e+03
3.828000000000000000e+03
7.890000000000000000e+02
4.112000000000000000e+03
3.528000000000000000e+03
2.433000000000000000e+03
3.129000000000000000e+03
3.442000000000000000e+03
1.730000000000000000e+03
2.876000000000000000e+03
3.433000000000000000e+03
2.810000000000000000e+02
4.667000000000000000e+03
1.029000000000000000e+03
1.359000000000000000e+03
2.324000000000000000e+03
4.650000000000000000e+02
2.459000000000000000e+03
2.832000000000000000e+03
4.249000000000000000e+03
3.580000000000000000e+03
3.974000000000000000e+03
7.620000000000000000e+02
8.170000000000000000e+02
1.552000000000000000e+03
3.686000000000000000e+03
1.012000000000000000e+03
4.191000000000000000e+03
9.300000000000000000e+02
1.713000000000000000e+03
9.500000000000000000e+01
7.130000000000000000e+02
2.951000000000000000e+03
4.256000000000000000e+03
2.870000000000000000e+03
3.469000000000000000e+03
2.337000000000000000e+03
3.946000000000000000e+03
1.655000000000000000e+03
2.061000000000000000e+03
3.336000000000000000e+03
2.226000000000000000e+03
1.736000000000000000e+03
4.774000000000000000e+03
2.805000000000000000e+03
1.447000000000000000e+03
1.748000000000000000e+03
8.240000000000000000e+02
1.156000000000000000e+03
4.144000000000000000e+03
1.585000000000000000e+03
2.000000000000000000e+00
2.228000000000000000e+03
3.692000000000000000e+03
3.555000000000000000e+03
3.341000000000000000e+03
1.752000000000000000e+03
2.484000000000000000e+03
4.734000000000000000e+03
4.389000000000000000e+03
1.966000000000000000e+03
8.380000000000000000e+02
1.828000000000000000e+03
2.857000000000000000e+03
2.931000000000000000e+03
1.383000000000000000e+03
1.652000000000000000e+03
3.999000000000000000e+03
4.809000000000000000e+03
5.130000000000000000e+02
3.082000000000000000e+03
4.460000000000000000e+03
3.920000000000000000e+02
2.361000000000000000e+03
4.437000000000000000e+03
3.944000000000000000e+03
3.451000000000000000e+03
2.944000000000000000e+03
3.739000000000000000e+03
2.446000000000000000e+03
1.493000000000000000e+03
2.414000000000000000e+03
3.454000000000000000e+03
2.714000000000000000e+03
4.402000000000000000e+03
3.301000000000000000e+03
6.930000000000000000e+02
2.242000000000000000e+03
2.239000000000000000e+03
5.060000000000000000e+02
2.423000000000000000e+03
3.841000000000000000e+03
1.449000000000000000e+03
3.970000000000000000e+02
1.959000000000000000e+03
3.662000000000000000e+03
2.906000000000000000e+03
2.340000000000000000e+02
3.224000000000000000e+03
4.613000000000000000e+03
4.243000000000000000e+03
3.011000000000000000e+03
7.000000000000000000e+00
2.917000000000000000e+03
4.034000000000000000e+03
4.627000000000000000e+03
6.260000000000000000e+02
9.320000000000000000e+02
4.780000000000000000e+02
3.534000000000000000e+03
4.360000000000000000e+02
4.723000000000000000e+03
4.692000000000000000e+03
1.998000000000000000e+03
3.252000000000000000e+03
1.616000000000000000e+03
3.414000000000000000e+03
2.694000000000000000e+03
3.979000000000000000e+03
4.856000000000000000e+03
2.355000000000000000e+03
2.844000000000000000e+03
2.452000000000000000e+03
4.493000000000000000e+03
2.057000000000000000e+03
1.170000000000000000e+02
1.727000000000000000e+03
2.424000000000000000e+03
1.123000000000000000e+03
3.210000000000000000e+03
4.832000000000000000e+03
3.108000000000000000e+03
2.448000000000000000e+03
7.070000000000000000e+02
1.857000000000000000e+03
4.548000000000000000e+03
3.146000000000000000e+03
6.680000000000000000e+02
4.565000000000000000e+03
3.588000000000000000e+03
9.600000000000000000e+02
1.168000000000000000e+03
4.741000000000000000e+03
8.480000000000000000e+02
4.674000000000000000e+03
1.198000000000000000e+03
3.047000000000000000e+03
6.030000000000000000e+02
2.398000000000000000e+03
4.016000000000000000e+03
3.066000000000000000e+03
3.938000000000000000e+03
2.383000000000000000e+03
4.604000000000000000e+03
1.013000000000000000e+03
1.399000000000000000e+03
2.027000000000000000e+03
2.288000000000000000e+03
3.455000000000000000e+03
2.161000000000000000e+03
4.653000000000000000e+03
2.560000000000000000e+03
3.520000000000000000e+03
3.646000000000000000e+03
9.860000000000000000e+02
4.068000000000000000e+03
2.500000000000000000e+02
2.877000000000000000e+03
3.591000000000000000e+03
6.100000000000000000e+01
2.067000000000000000e+03
2.774000000000000000e+03
8.630000000000000000e+02
3.723000000000000000e+03
9.700000000000000000e+02
3.923000000000000000e+03
2.920000000000000000e+02
7.820000000000000000e+02
1.861000000000000000e+03
2.956000000000000000e+03
4.740000000000000000e+03
3.690000000000000000e+02
1.765000000000000000e+03
1.990000000000000000e+03
3.549000000000000000e+03
3.576000000000000000e+03
4.690000000000000000e+03
2.537000000000000000e+03
1.090000000000000000e+02
1.841000000000000000e+03
3.050000000000000000e+02
1.269000000000000000e+03
2.464000000000000000e+03
3.147000000000000000e+03
4.224000000000000000e+03
3.308000000000000000e+03
1.312000000000000000e+03
7.260000000000000000e+02
3.825000000000000000e+03
4.217000000000000000e+03
3.072000000000000000e+03
1.823000000000000000e+03
1.884000000000000000e+03
1.938000000000000000e+03
2.060000000000000000e+02
3.862000000000000000e+03
2.074000000000000000e+03
2.401000000000000000e+03
4.722000000000000000e+03
9.690000000000000000e+02
3.168000000000000000e+03
1.840000000000000000e+03
4.745000000000000000e+03
2.312000000000000000e+03
1.625000000000000000e+03
4.008000000000000000e+03
4.980000000000000000e+02
2.231000000000000000e+03
1.085000000000000000e+03
3.225000000000000000e+03
4.808000000000000000e+03
7.490000000000000000e+02
4.246000000000000000e+03
4.088000000000000000e+03
3.052000000000000000e+03
3.877000000000000000e+03
1.577000000000000000e+03
2.486000000000000000e+03
3.523000000000000000e+03
2.517000000000000000e+03
2.496000000000000000e+03
1.776000000000000000e+03
1.537000000000000000e+03
1.259000000000000000e+03
1.188000000000000000e+03
1.800000000000000000e+03
4.123000000000000000e+03
4.822000000000000000e+03
3.100000000000000000e+02
4.170000000000000000e+02
1.374000000000000000e+03
1.725000000000000000e+03
3.773000000000000000e+03
3.933000000000000000e+03
2.969000000000000000e+03
3.908000000000000000e+03
4.950000000000000000e+02
1.128000000000000000e+03
4.508000000000000000e+03
2.894000000000000000e+03
2.589000000000000000e+03
4.927000000000000000e+03
1.601000000000000000e+03
1.278000000000000000e+03
2.845000000000000000e+03
4.486000000000000000e+03
1.014000000000000000e+03
1.882000000000000000e+03
3.410000000000000000e+03
1.263000000000000000e+03
4.180000000000000000e+02
3.491000000000000000e+03
4.337000000000000000e+03
1.918000000000000000e+03
3.752000000000000000e+03
2.386000000000000000e+03
4.214000000000000000e+03
9.000000000000000000e+00
4.382000000000000000e+03
4.767000000000000000e+03
2.684000000000000000e+03
4.602000000000000000e+03
2.810000000000000000e+03
1.276000000000000000e+03
6.570000000000000000e+02
2.339000000000000000e+03
2.498000000000000000e+03
8.670000000000000000e+02
1.729000000000000000e+03
4.542000000000000000e+03
3.133000000000000000e+03
4.322000000000000000e+03
6.800000000000000000e+02
3.540000000000000000e+02
2.572000000000000000e+03
1.140000000000000000e+03
1.308000000000000000e+03
4.866000000000000000e+03
5.700000000000000000e+02
4.135000000000000000e+03
3.844000000000000000e+03
1.742000000000000000e+03
9.180000000000000000e+02
2.237000000000000000e+03
2.730000000000000000e+03
7.690000000000000000e+02
2.270000000000000000e+02
2.326000000000000000e+03
3.961000000000000000e+03
2.954000000000000000e+03
1.600000000000000000e+01
3.668000000000000000e+03
1.913000000000000000e+03
5.010000000000000000e+02
1.556000000000000000e+03
1.230000000000000000e+02
1.987000000000000000e+03
4.011000000000000000e+03
3.586000000000000000e+03
1.498000000000000000e+03
3.698000000000000000e+03
3.817000000000000000e+03
2.021000000000000000e+03
4.304000000000000000e+03
4.753000000000000000e+03
4.015000000000000000e+03
2.094000000000000000e+03
4.733000000000000000e+03
4.850000000000000000e+03
1.747000000000000000e+03
1.615000000000000000e+03
1.762000000000000000e+03
3.158000000000000000e+03
3.776000000000000000e+03
1.869000000000000000e+03
1.630000000000000000e+02
3.200000000000000000e+01
4.534000000000000000e+03
4.505000000000000000e+03
9.260000000000000000e+02
1.650000000000000000e+03
1.942000000000000000e+03
6.990000000000000000e+02
1.482000000000000000e+03
7.190000000000000000e+02
4.220000000000000000e+03
3.942000000000000000e+03
3.035000000000000000e+03
3.821000000000000000e+03
1.390000000000000000e+03
4.247000000000000000e+03
4.694000000000000000e+03
3.006000000000000000e+03
4.000000000000000000e+03
1.887000000000000000e+03
6.530000000000000000e+02
8.000000000000000000e+00
4.827000000000000000e+03
4.990000000000000000e+02
3.587000000000000000e+03
9.500000000000000000e+02
4.467000000000000000e+03
4.528000000000000000e+03
1.045000000000000000e+03
1.873000000000000000e+03
1.273000000000000000e+03
1.332000000000000000e+03
5.250000000000000000e+02
4.512000000000000000e+03
1.533000000000000000e+03
7.900000000000000000e+01
8.090000000000000000e+02
2.575000000000000000e+03
3.105000000000000000e+03
1.996000000000000000e+03
1.341000000000000000e+03
4.561000000000000000e+03
9.300000000000000000e+01
