9.720000000000000000e+02
7.280000000000000000e+02
1.682000000000000000e+03
1.581000000000000000e+03
1.399000000000000000e+03
6.540000000000000000e+02
8.860000000000000000e+02
1.078000000000000000e+03
4.000000000000000000e+02
6.940000000000000000e+02
4.260000000000000000e+02
1.058000000000000000e+03
6.850000000000000000e+02
1.000000000000000000e+03
1.147000000000000000e+03
3.700000000000000000e+02
1.475000000000000000e+03
3.390000000000000000e+02
1.030000000000000000e+03
2.570000000000000000e+02
4.000000000000000000e+00
3.210000000000000000e+02
6.040000000000000000e+02
2.080000000000000000e+02
7.400000000000000000e+02
1.357000000000000000e+03
5.180000000000000000e+02
5.990000000000000000e+02
4.450000000000000000e+02
1.032000000000000000e+03
1.215000000000000000e+03
2.720000000000000000e+02
1.303000000000000000e+03
4.330000000000000000e+02
4.990000000000000000e+02
4.760000000000000000e+02
7.600000000000000000e+02
1.700000000000000000e+02
7.000000000000000000e+01
1.699000000000000000e+03
1.465000000000000000e+03
1.660000000000000000e+02
8.320000000000000000e+02
2.970000000000000000e+02
7.840000000000000000e+02
7.640000000000000000e+02
1.384000000000000000e+03
1.690000000000000000e+03
1.478000000000000000e+03
1.540000000000000000e+03
1.526000000000000000e+03
6.330000000000000000e+02
5.270000000000000000e+02
1.251000000000000000e+03
9.910000000000000000e+02
1.349000000000000000e+03
1.321000000000000000e+03
1.634000000000000000e+03
1.145000000000000000e+03
1.491000000000000000e+03
1.169000000000000000e+03
5.630000000000000000e+02
5.840000000000000000e+02
6.000000000000000000e+02
7.960000000000000000e+02
1.283000000000000000e+03
1.168000000000000000e+03
1.088000000000000000e+03
8.440000000000000000e+02
7.040000000000000000e+02
1.390000000000000000e+03
1.024000000000000000e+03
5.190000000000000000e+02
8.880000000000000000e+02
4.900000000000000000e+01
7.060000000000000000e+02
1.301000000000000000e+03
1.055000000000000000e+03
1.397000000000000000e+03
1.613000000000000000e+03
1.431000000000000000e+03
8.910000000000000000e+02
7.700000000000000000e+01
6.580000000000000000e+02
4.640000000000000000e+02
1.227000000000000000e+03
1.521000000000000000e+03
1.550000000000000000e+02
4.490000000000000000e+02
1.010000000000000000e+03
1.529000000000000000e+03
7.410000000000000000e+02
2.120000000000000000e+02
5.100000000000000000e+02
1.320000000000000000e+03
6.010000000000000000e+02
3.500000000000000000e+02
8.380000000000000000e+02
2.290000000000000000e+02
1.685000000000000000e+03
9.490000000000000000e+02
4.950000000000000000e+02
4.590000000000000000e+02
1.587000000000000000e+03
5.780000000000000000e+02
1.533000000000000000e+03
1.696000000000000000e+03
1.692000000000000000e+03
2.500000000000000000e+01
4.290000000000000000e+02
7.600000000000000000e+01
1.042000000000000000e+03
1.180000000000000000e+03
1.388000000000000000e+03
9.760000000000000000e+02
1.022000000000000000e+03
1.276000000000000000e+03
1.555000000000000000e+03
1.679000000000000000e+03
2.860000000000000000e+02
1.045000000000000000e+03
1.810000000000000000e+02
7.480000000000000000e+02
1.202000000000000000e+03
1.242000000000000000e+03
1.269000000000000000e+03
2.870000000000000000e+02
1.277000000000000000e+03
3.480000000000000000e+02
1.467000000000000000e+03
7.890000000000000000e+02
1.523000000000000000e+03
1.705000000000000000e+03
1.498000000000000000e+03
1.683000000000000000e+03
1.091000000000000000e+03
1.330000000000000000e+03
1.660000000000000000e+03
9.950000000000000000e+02
1.317000000000000000e+03
6.680000000000000000e+02
1.378000000000000000e+03
1.404000000000000000e+03
7.650000000000000000e+02
1.578000000000000000e+03
6.300000000000000000e+01
5.030000000000000000e+02
4.730000000000000000e+02
2.650000000000000000e+02
8.420000000000000000e+02
8.020000000000000000e+02
1.171000000000000000e+03
3.300000000000000000e+01
5.310000000000000000e+02
1.036000000000000000e+03
1.658000000000000000e+03
1.358000000000000000e+03
8.090000000000000000e+02
1.394000000000000000e+03
1.618000000000000000e+03
5.090000000000000000e+02
1.440000000000000000e+02
1.596000000000000000e+03
5.500000000000000000e+02
1.680000000000000000e+02
2.940000000000000000e+02
1.495000000000000000e+03
1.586000000000000000e+03
1.279000000000000000e+03
1.312000000000000000e+03
1.637000000000000000e+03
1.065000000000000000e+03
5.020000000000000000e+02
8.600000000000000000e+01
1.236000000000000000e+03
1.266000000000000000e+03
3.490000000000000000e+02
2.140000000000000000e+02
9.240000000000000000e+02
1.287000000000000000e+03
1.090000000000000000e+02
1.400000000000000000e+03
6.030000000000000000e+02
2.690000000000000000e+02
5.610000000000000000e+02
4.040000000000000000e+02
5.140000000000000000e+02
8.180000000000000000e+02
6.100000000000000000e+02
7.900000000000000000e+02
9.500000000000000000e+02
8.170000000000000000e+02
2.420000000000000000e+02
2.220000000000000000e+02
6.700000000000000000e+01
1.553000000000000000e+03
7.240000000000000000e+02
3.610000000000000000e+02
5.400000000000000000e+02
1.678000000000000000e+03
