1.270000000000000000e+02
1.172000000000000000e+03
3.111000000000000000e+03
1.716000000000000000e+03
3.822000000000000000e+03
1.587000000000000000e+03
4.557000000000000000e+03
3.092000000000000000e+03
2.314000000000000000e+03
2.089000000000000000e+03
7.100000000000000000e+01
3.702000000000000000e+03
3.840000000000000000e+03
2.387000000000000000e+03
1.611000000000000000e+03
4.359000000000000000e+03
2.900000000000000000e+03
3.964000000000000000e+03
1.243000000000000000e+03
3.884000000000000000e+03
2.451000000000000000e+03
8.240000000000000000e+02
4.786000000000000000e+03
4.372000000000000000e+03
2.700000000000000000e+02
3.280000000000000000e+02
3.576000000000000000e+03
4.844000000000000000e+03
1.720000000000000000e+02
2.660000000000000000e+03
4.455000000000000000e+03
4.053000000000000000e+03
2.890000000000000000e+03
2.305000000000000000e+03
1.994000000000000000e+03
3.377000000000000000e+03
1.373000000000000000e+03
2.452000000000000000e+03
1.374000000000000000e+03
2.066000000000000000e+03
1.286000000000000000e+03
4.130000000000000000e+03
1.456000000000000000e+03
1.366000000000000000e+03
3.912000000000000000e+03
2.048000000000000000e+03
4.059000000000000000e+03
4.760000000000000000e+03
1.120000000000000000e+03
1.262000000000000000e+03
1.058000000000000000e+03
1.412000000000000000e+03
2.277000000000000000e+03
3.233000000000000000e+03
3.689000000000000000e+03
4.543000000000000000e+03
2.045000000000000000e+03
8.780000000000000000e+02
1.318000000000000000e+03
3.228000000000000000e+03
1.469000000000000000e+03
2.389000000000000000e+03
2.374000000000000000e+03
2.608000000000000000e+03
4.400000000000000000e+02
5.950000000000000000e+02
1.737000000000000000e+03
2.268000000000000000e+03
3.872000000000000000e+03
2.298000000000000000e+03
1.430000000000000000e+02
3.563000000000000000e+03
1.285000000000000000e+03
2.250000000000000000e+03
3.599000000000000000e+03
2.493000000000000000e+03
1.679000000000000000e+03
1.433000000000000000e+03
4.193000000000000000e+03
2.090000000000000000e+02
1.231000000000000000e+03
1.568000000000000000e+03
2.953000000000000000e+03
3.287000000000000000e+03
3.002000000000000000e+03
3.037000000000000000e+03
3.742000000000000000e+03
1.708000000000000000e+03
2.239000000000000000e+03
1.361000000000000000e+03
4.549000000000000000e+03
1.167000000000000000e+03
2.747000000000000000e+03
1.300000000000000000e+01
1.236000000000000000e+03
3.160000000000000000e+02
1.867000000000000000e+03
1.903000000000000000e+03
1.348000000000000000e+03
4.185000000000000000e+03
1.020000000000000000e+02
1.274000000000000000e+03
3.049000000000000000e+03
2.227000000000000000e+03
2.475000000000000000e+03
1.651000000000000000e+03
4.524000000000000000e+03
2.191000000000000000e+03
4.207000000000000000e+03
1.669000000000000000e+03
3.238000000000000000e+03
2.827000000000000000e+03
3.453000000000000000e+03
5.480000000000000000e+02
1.071000000000000000e+03
3.651000000000000000e+03
1.594000000000000000e+03
4.377000000000000000e+03
4.161000000000000000e+03
1.280000000000000000e+03
3.368000000000000000e+03
3.609000000000000000e+03
1.376000000000000000e+03
6.550000000000000000e+02
4.125000000000000000e+03
1.995000000000000000e+03
3.535000000000000000e+03
4.731000000000000000e+03
8.900000000000000000e+01
2.505000000000000000e+03
3.438000000000000000e+03
7.780000000000000000e+02
1.761000000000000000e+03
3.220000000000000000e+02
1.155000000000000000e+03
1.672000000000000000e+03
1.776000000000000000e+03
4.458000000000000000e+03
3.521000000000000000e+03
1.143000000000000000e+03
2.514000000000000000e+03
3.120000000000000000e+02
2.606000000000000000e+03
1.586000000000000000e+03
3.000000000000000000e+03
4.920000000000000000e+02
2.995000000000000000e+03
2.080000000000000000e+03
1.328000000000000000e+03
1.753000000000000000e+03
4.812000000000000000e+03
2.414000000000000000e+03
2.335000000000000000e+03
6.830000000000000000e+02
1.671000000000000000e+03
6.590000000000000000e+02
2.816000000000000000e+03
1.853000000000000000e+03
2.687000000000000000e+03
2.764000000000000000e+03
4.180000000000000000e+03
5.510000000000000000e+02
1.516000000000000000e+03
3.048000000000000000e+03
3.200000000000000000e+01
6.440000000000000000e+02
4.497000000000000000e+03
6.900000000000000000e+01
2.837000000000000000e+03
4.415000000000000000e+03
9.890000000000000000e+02
3.881000000000000000e+03
1.319000000000000000e+03
2.598000000000000000e+03
1.990000000000000000e+02
1.149000000000000000e+03
4.531000000000000000e+03
1.049000000000000000e+03
1.451000000000000000e+03
4.900000000000000000e+03
1.513000000000000000e+03
1.282000000000000000e+03
4.355000000000000000e+03
2.421000000000000000e+03
1.034000000000000000e+03
4.515000000000000000e+03
3.017000000000000000e+03
2.788000000000000000e+03
4.210000000000000000e+02
4.660000000000000000e+02
6.480000000000000000e+02
4.919000000000000000e+03
2.274000000000000000e+03
4.574000000000000000e+03
4.411000000000000000e+03
4.808000000000000000e+03
4.514000000000000000e+03
1.386000000000000000e+03
9.300000000000000000e+02
2.439000000000000000e+03
1.229000000000000000e+03
3.215000000000000000e+03
2.567000000000000000e+03
2.320000000000000000e+02
2.501000000000000000e+03
3.732000000000000000e+03
1.055000000000000000e+03
5.880000000000000000e+02
6.570000000000000000e+02
4.104000000000000000e+03
2.307000000000000000e+03
2.945000000000000000e+03
2.180000000000000000e+02
4.236000000000000000e+03
1.474000000000000000e+03
5.680000000000000000e+02
2.808000000000000000e+03
4.310000000000000000e+03
1.873000000000000000e+03
1.424000000000000000e+03
2.663000000000000000e+03
5.470000000000000000e+02
1.609000000000000000e+03
3.693000000000000000e+03
3.001000000000000000e+03
2.516000000000000000e+03
2.589000000000000000e+03
1.372000000000000000e+03
1.778000000000000000e+03
3.767000000000000000e+03
2.670000000000000000e+02
3.498000000000000000e+03
2.415000000000000000e+03
7.120000000000000000e+02
1.642000000000000000e+03
1.253000000000000000e+03
2.745000000000000000e+03
4.463000000000000000e+03
1.848000000000000000e+03
1.027000000000000000e+03
1.499000000000000000e+03
2.726000000000000000e+03
3.625000000000000000e+03
2.394000000000000000e+03
2.955000000000000000e+03
3.230000000000000000e+03
8.180000000000000000e+02
1.347000000000000000e+03
4.387000000000000000e+03
1.718000000000000000e+03
1.311000000000000000e+03
1.134000000000000000e+03
4.183000000000000000e+03
4.582000000000000000e+03
3.144000000000000000e+03
4.795000000000000000e+03
1.173000000000000000e+03
2.628000000000000000e+03
3.747000000000000000e+03
1.999000000000000000e+03
1.016000000000000000e+03
5.850000000000000000e+02
1.546000000000000000e+03
3.578000000000000000e+03
3.032000000000000000e+03
1.344000000000000000e+03
8.370000000000000000e+02
1.572000000000000000e+03
4.442000000000000000e+03
6.490000000000000000e+02
4.800000000000000000e+02
2.911000000000000000e+03
2.169000000000000000e+03
3.721000000000000000e+03
1.871000000000000000e+03
2.008000000000000000e+03
4.803000000000000000e+03
1.380000000000000000e+02
4.155000000000000000e+03
3.459000000000000000e+03
4.899000000000000000e+03
2.853000000000000000e+03
3.315000000000000000e+03
1.210000000000000000e+02
4.034000000000000000e+03
4.570000000000000000e+02
4.353000000000000000e+03
1.291000000000000000e+03
3.132000000000000000e+03
3.261000000000000000e+03
9.060000000000000000e+02
1.088000000000000000e+03
2.484000000000000000e+03
2.125000000000000000e+03
1.510000000000000000e+03
2.450000000000000000e+02
3.561000000000000000e+03
3.509000000000000000e+03
2.468000000000000000e+03
8.090000000000000000e+02
1.599000000000000000e+03
7.310000000000000000e+02
2.161000000000000000e+03
2.507000000000000000e+03
2.258000000000000000e+03
7.400000000000000000e+02
3.803000000000000000e+03
1.653000000000000000e+03
3.382000000000000000e+03
4.481000000000000000e+03
3.910000000000000000e+03
9.180000000000000000e+02
1.934000000000000000e+03
3.527000000000000000e+03
2.865000000000000000e+03
1.538000000000000000e+03
3.431000000000000000e+03
3.969000000000000000e+03
1.620000000000000000e+03
4.960000000000000000e+02
2.123000000000000000e+03
1.756000000000000000e+03
2.731000000000000000e+03
2.920000000000000000e+03
2.805000000000000000e+03
1.015000000000000000e+03
4.426000000000000000e+03
4.479000000000000000e+03
3.712000000000000000e+03
2.931000000000000000e+03
9.930000000000000000e+02
3.180000000000000000e+03
8.470000000000000000e+02
5.640000000000000000e+02
4.150000000000000000e+02
1.008000000000000000e+03
2.688000000000000000e+03
1.884000000000000000e+03
9.190000000000000000e+02
2.927000000000000000e+03
3.723000000000000000e+03
3.198000000000000000e+03
4.074000000000000000e+03
5.440000000000000000e+02
1.339000000000000000e+03
2.909000000000000000e+03
2.973000000000000000e+03
3.760000000000000000e+02
5.230000000000000000e+02
1.411000000000000000e+03
1.849000000000000000e+03
2.705000000000000000e+03
1.308000000000000000e+03
4.329000000000000000e+03
3.291000000000000000e+03
2.880000000000000000e+02
2.034000000000000000e+03
4.115000000000000000e+03
1.300000000000000000e+03
2.096000000000000000e+03
8.260000000000000000e+02
4.002000000000000000e+03
4.769000000000000000e+03
4.259000000000000000e+03
2.646000000000000000e+03
1.720000000000000000e+03
5.800000000000000000e+01
8.000000000000000000e+01
3.588000000000000000e+03
4.310000000000000000e+02
0.000000000000000000e+00
4.065000000000000000e+03
1.064000000000000000e+03
3.381000000000000000e+03
3.763000000000000000e+03
1.322000000000000000e+03
1.520000000000000000e+02
2.700000000000000000e+01
3.993000000000000000e+03
3.980000000000000000e+03
4.080000000000000000e+02
2.406000000000000000e+03
2.564000000000000000e+03
3.755000000000000000e+03
2.979000000000000000e+03
3.741000000000000000e+03
8.490000000000000000e+02
4.256000000000000000e+03
2.704000000000000000e+03
4.913000000000000000e+03
4.558000000000000000e+03
4.782000000000000000e+03
4.380000000000000000e+03
2.240000000000000000e+03
4.542000000000000000e+03
4.588000000000000000e+03
2.301000000000000000e+03
4.507000000000000000e+03
2.654000000000000000e+03
3.841000000000000000e+03
4.655000000000000000e+03
6.390000000000000000e+02
4.892000000000000000e+03
3.329000000000000000e+03
4.888000000000000000e+03
3.000000000000000000e+02
1.024000000000000000e+03
1.387000000000000000e+03
9.780000000000000000e+02
1.828000000000000000e+03
1.889000000000000000e+03
5.720000000000000000e+02
3.783000000000000000e+03
4.279000000000000000e+03
3.296000000000000000e+03
3.999000000000000000e+03
2.127000000000000000e+03
3.349000000000000000e+03
7.590000000000000000e+02
1.200000000000000000e+01
2.065000000000000000e+03
3.716000000000000000e+03
1.490000000000000000e+03
4.928000000000000000e+03
3.115000000000000000e+03
4.490000000000000000e+02
4.610000000000000000e+02
2.763000000000000000e+03
1.444000000000000000e+03
3.850000000000000000e+03
2.935000000000000000e+03
4.469000000000000000e+03
3.119000000000000000e+03
7.650000000000000000e+02
9.390000000000000000e+02
5.840000000000000000e+02
9.380000000000000000e+02
3.517000000000000000e+03
3.892000000000000000e+03
2.952000000000000000e+03
3.564000000000000000e+03
3.676000000000000000e+03
1.726000000000000000e+03
2.309000000000000000e+03
3.890000000000000000e+02
1.688000000000000000e+03
6.970000000000000000e+02
4.044000000000000000e+03
4.821000000000000000e+03
1.976000000000000000e+03
4.647000000000000000e+03
6.860000000000000000e+02
1.739000000000000000e+03
4.108000000000000000e+03
2.897000000000000000e+03
4.914000000000000000e+03
1.142000000000000000e+03
3.204000000000000000e+03
4.512000000000000000e+03
2.242000000000000000e+03
1.382000000000000000e+03
4.202000000000000000e+03
2.640000000000000000e+03
4.859000000000000000e+03
1.665000000000000000e+03
1.211000000000000000e+03
4.397000000000000000e+03
3.544000000000000000e+03
3.708000000000000000e+03
3.425000000000000000e+03
3.675000000000000000e+03
4.765000000000000000e+03
4.770000000000000000e+02
4.225000000000000000e+03
3.615000000000000000e+03
3.617000000000000000e+03
1.304000000000000000e+03
1.276000000000000000e+03
3.077000000000000000e+03
3.797000000000000000e+03
4.910000000000000000e+03
2.233000000000000000e+03
1.813000000000000000e+03
3.590000000000000000e+02
4.255000000000000000e+03
2.486000000000000000e+03
2.209000000000000000e+03
1.377000000000000000e+03
2.253000000000000000e+03
3.584000000000000000e+03
3.128000000000000000e+03
5.130000000000000000e+02
3.586000000000000000e+03
1.205000000000000000e+03
3.743000000000000000e+03
4.261000000000000000e+03
1.460000000000000000e+03
2.530000000000000000e+02
2.206000000000000000e+03
3.832000000000000000e+03
2.373000000000000000e+03
3.433000000000000000e+03
3.664000000000000000e+03
3.170000000000000000e+03
3.307000000000000000e+03
4.627000000000000000e+03
3.522000000000000000e+03
3.514000000000000000e+03
3.979000000000000000e+03
3.863000000000000000e+03
3.058000000000000000e+03
4.275000000000000000e+03
1.937000000000000000e+03
1.468000000000000000e+03
3.379000000000000000e+03
4.567000000000000000e+03
1.345000000000000000e+03
3.043000000000000000e+03
3.380000000000000000e+02
7.700000000000000000e+02
2.875000000000000000e+03
3.590000000000000000e+03
1.470000000000000000e+03
4.375000000000000000e+03
6.090000000000000000e+02
4.092000000000000000e+03
3.558000000000000000e+03
3.909000000000000000e+03
2.852000000000000000e+03
2.648000000000000000e+03
4.470000000000000000e+02
2.543000000000000000e+03
9.000000000000000000e+00
1.770000000000000000e+03
2.005000000000000000e+03
4.218000000000000000e+03
8.020000000000000000e+02
2.991000000000000000e+03
6.330000000000000000e+02
3.146000000000000000e+03
5.580000000000000000e+02
3.573000000000000000e+03
2.774000000000000000e+03
3.545000000000000000e+03
1.785000000000000000e+03
2.187000000000000000e+03
4.324000000000000000e+03
2.610000000000000000e+03
3.627000000000000000e+03
3.833000000000000000e+03
2.575000000000000000e+03
3.990000000000000000e+02
2.363000000000000000e+03
3.299000000000000000e+03
2.042000000000000000e+03
3.791000000000000000e+03
3.455000000000000000e+03
1.775000000000000000e+03
1.094000000000000000e+03
2.823000000000000000e+03
2.603000000000000000e+03
3.572000000000000000e+03
3.411000000000000000e+03
4.107000000000000000e+03
8.410000000000000000e+02
2.470000000000000000e+02
2.006000000000000000e+03
4.430000000000000000e+02
4.090000000000000000e+02
2.526000000000000000e+03
3.941000000000000000e+03
9.660000000000000000e+02
2.115000000000000000e+03
3.080000000000000000e+03
4.584000000000000000e+03
4.286000000000000000e+03
4.940000000000000000e+02
5.320000000000000000e+02
3.512000000000000000e+03
2.794000000000000000e+03
4.250000000000000000e+02
6.470000000000000000e+02
3.601000000000000000e+03
2.896000000000000000e+03
3.922000000000000000e+03
5.180000000000000000e+02
6.750000000000000000e+02
4.076000000000000000e+03
1.581000000000000000e+03
3.905000000000000000e+03
1.011000000000000000e+03
3.749000000000000000e+03
1.448000000000000000e+03
3.896000000000000000e+03
4.450000000000000000e+02
3.305000000000000000e+03
2.755000000000000000e+03
1.626000000000000000e+03
2.350000000000000000e+03
4.057000000000000000e+03
1.811000000000000000e+03
5.900000000000000000e+02
3.919000000000000000e+03
8.950000000000000000e+02
3.440000000000000000e+02
2.021000000000000000e+03
3.513000000000000000e+03
3.495000000000000000e+03
2.710000000000000000e+02
3.690000000000000000e+03
1.225000000000000000e+03
4.609000000000000000e+03
4.910000000000000000e+02
2.267000000000000000e+03
1.067000000000000000e+03
2.167000000000000000e+03
1.650000000000000000e+02
4.431000000000000000e+03
4.266000000000000000e+03
2.736000000000000000e+03
2.490000000000000000e+03
1.846000000000000000e+03
4.685000000000000000e+03
2.369000000000000000e+03
1.035000000000000000e+03
7.250000000000000000e+02
4.651000000000000000e+03
4.000000000000000000e+01
1.982000000000000000e+03
9.230000000000000000e+02
3.222000000000000000e+03
3.154000000000000000e+03
2.051000000000000000e+03
4.440000000000000000e+03
2.518000000000000000e+03
1.477000000000000000e+03
3.529000000000000000e+03
4.301000000000000000e+03
1.623000000000000000e+03
3.229000000000000000e+03
3.496000000000000000e+03
3.654000000000000000e+03
1.164000000000000000e+03
3.283000000000000000e+03
2.313000000000000000e+03
3.772000000000000000e+03
4.569000000000000000e+03
1.641000000000000000e+03
4.190000000000000000e+03
1.111000000000000000e+03
4.323000000000000000e+03
2.498000000000000000e+03
5.260000000000000000e+02
4.489000000000000000e+03
4.742000000000000000e+03
2.073000000000000000e+03
3.619000000000000000e+03
4.813000000000000000e+03
1.659000000000000000e+03
4.751000000000000000e+03
3.070000000000000000e+02
5.790000000000000000e+02
4.635000000000000000e+03
2.460000000000000000e+03
6.760000000000000000e+02
3.507000000000000000e+03
3.851000000000000000e+03
3.186000000000000000e+03
3.502000000000000000e+03
2.124000000000000000e+03
1.662000000000000000e+03
9.800000000000000000e+01
3.404000000000000000e+03
1.485000000000000000e+03
3.375000000000000000e+03
3.363000000000000000e+03
3.938000000000000000e+03
4.579000000000000000e+03
2.715000000000000000e+03
2.393000000000000000e+03
1.350000000000000000e+03
3.106000000000000000e+03
2.254000000000000000e+03
4.823000000000000000e+03
5.060000000000000000e+02
5.190000000000000000e+02
2.870000000000000000e+03
4.619000000000000000e+03
2.800000000000000000e+02
4.150000000000000000e+03
4.732000000000000000e+03
2.822000000000000000e+03
1.397000000000000000e+03
3.824000000000000000e+03
1.711000000000000000e+03
3.794000000000000000e+03
4.303000000000000000e+03
1.438000000000000000e+03
3.285000000000000000e+03
1.293000000000000000e+03
2.577000000000000000e+03
2.392000000000000000e+03
3.705000000000000000e+03
4.382000000000000000e+03
1.132000000000000000e+03
1.908000000000000000e+03
3.853000000000000000e+03
4.503000000000000000e+03
1.957000000000000000e+03
1.747000000000000000e+03
2.653000000000000000e+03
2.961000000000000000e+03
4.182000000000000000e+03
4.114000000000000000e+03
2.570000000000000000e+03
4.599000000000000000e+03
8.580000000000000000e+02
3.105000000000000000e+03
1.041000000000000000e+03
4.697000000000000000e+03
1.802000000000000000e+03
3.138000000000000000e+03
1.450000000000000000e+02
4.322000000000000000e+03
1.146000000000000000e+03
8.770000000000000000e+02
1.549000000000000000e+03
2.480000000000000000e+02
4.314000000000000000e+03
4.687000000000000000e+03
3.330000000000000000e+03
2.610000000000000000e+02
1.675000000000000000e+03
1.350000000000000000e+02
1.542000000000000000e+03
4.004000000000000000e+03
1.442000000000000000e+03
4.881000000000000000e+03
3.410000000000000000e+02
4.081000000000000000e+03
4.907000000000000000e+03
1.455000000000000000e+03
1.563000000000000000e+03
9.730000000000000000e+02
4.677000000000000000e+03
4.855000000000000000e+03
3.733000000000000000e+03
2.848000000000000000e+03
4.801000000000000000e+03
4.199000000000000000e+03
2.720000000000000000e+02
3.297000000000000000e+03
4.389000000000000000e+03
1.551000000000000000e+03
4.521000000000000000e+03
4.050000000000000000e+03
2.226000000000000000e+03
4.404000000000000000e+03
1.804000000000000000e+03
3.953000000000000000e+03
2.064000000000000000e+03
6.770000000000000000e+02
1.768000000000000000e+03
4.807000000000000000e+03
3.356000000000000000e+03
3.987000000000000000e+03
4.339000000000000000e+03
6.280000000000000000e+02
5.990000000000000000e+02
3.110000000000000000e+02
3.384000000000000000e+03
3.991000000000000000e+03
3.243000000000000000e+03
1.470000000000000000e+02
1.820000000000000000e+03
3.605000000000000000e+03
3.759000000000000000e+03
2.002000000000000000e+03
5.420000000000000000e+02
3.914000000000000000e+03
3.250000000000000000e+02
4.860000000000000000e+03
1.769000000000000000e+03
9.630000000000000000e+02
2.026000000000000000e+03
8.800000000000000000e+02
4.441000000000000000e+03
1.928000000000000000e+03
4.133000000000000000e+03
5.300000000000000000e+01
7.450000000000000000e+02
3.719000000000000000e+03
2.999000000000000000e+03
2.473000000000000000e+03
3.429000000000000000e+03
2.630000000000000000e+02
1.090000000000000000e+03
1.815000000000000000e+03
4.278000000000000000e+03
1.557000000000000000e+03
4.294000000000000000e+03
2.028000000000000000e+03
7.200000000000000000e+02
4.837000000000000000e+03
4.276000000000000000e+03
4.064000000000000000e+03
2.197000000000000000e+03
1.835000000000000000e+03
2.520000000000000000e+03
1.696000000000000000e+03
3.103000000000000000e+03
2.140000000000000000e+03
2.428000000000000000e+03
7.720000000000000000e+02
3.697000000000000000e+03
4.160000000000000000e+03
2.949000000000000000e+03
4.267000000000000000e+03
4.283000000000000000e+03
3.602000000000000000e+03
1.195000000000000000e+03
2.843000000000000000e+03
4.546000000000000000e+03
7.670000000000000000e+02
3.350000000000000000e+02
9.790000000000000000e+02
1.060000000000000000e+02
1.429000000000000000e+03
1.178000000000000000e+03
3.011000000000000000e+03
2.550000000000000000e+02
1.579000000000000000e+03
1.825000000000000000e+03
1.575000000000000000e+03
1.830000000000000000e+03
2.932000000000000000e+03
9.600000000000000000e+02
4.230000000000000000e+02
4.828000000000000000e+03
4.880000000000000000e+03
4.871000000000000000e+03
1.655000000000000000e+03
3.500000000000000000e+01
3.608000000000000000e+03
3.390000000000000000e+03
3.226000000000000000e+03
3.661000000000000000e+03
1.400000000000000000e+02
2.719000000000000000e+03
1.396000000000000000e+03
1.127000000000000000e+03
4.403000000000000000e+03
3.740000000000000000e+03
2.939000000000000000e+03
1.266000000000000000e+03
2.686000000000000000e+03
3.800000000000000000e+02
1.927000000000000000e+03
4.190000000000000000e+02
4.762000000000000000e+03
4.131000000000000000e+03
1.917000000000000000e+03
1.910000000000000000e+03
1.343000000000000000e+03
2.136000000000000000e+03
4.607000000000000000e+03
1.047000000000000000e+03
2.171000000000000000e+03
3.623000000000000000e+03
2.801000000000000000e+03
3.352000000000000000e+03
2.215000000000000000e+03
1.988000000000000000e+03
2.348000000000000000e+03
5.630000000000000000e+02
1.194000000000000000e+03
4.665000000000000000e+03
1.275000000000000000e+03
4.100000000000000000e+02
4.741000000000000000e+03
2.799000000000000000e+03
4.069000000000000000e+03
4.400000000000000000e+01
1.698000000000000000e+03
1.935000000000000000e+03
3.182000000000000000e+03
3.153000000000000000e+03
3.933000000000000000e+03
2.677000000000000000e+03
4.516000000000000000e+03
4.666000000000000000e+03
3.704000000000000000e+03
2.972000000000000000e+03
1.432000000000000000e+03
2.664000000000000000e+03
6.610000000000000000e+02
9.130000000000000000e+02
4.456000000000000000e+03
2.860000000000000000e+03
4.390000000000000000e+03
2.828000000000000000e+03
2.844000000000000000e+03
3.490000000000000000e+02
3.940000000000000000e+02
1.670000000000000000e+03
6.300000000000000000e+02
3.044000000000000000e+03
7.500000000000000000e+02
4.683000000000000000e+03
6.780000000000000000e+02
9.450000000000000000e+02
3.726000000000000000e+03
3.244000000000000000e+03
4.082000000000000000e+03
1.759000000000000000e+03
4.726000000000000000e+03
3.245000000000000000e+03
3.248000000000000000e+03
3.394000000000000000e+03
2.280000000000000000e+02
4.111000000000000000e+03
2.916000000000000000e+03
2.600000000000000000e+01
9.100000000000000000e+02
4.536000000000000000e+03
1.126000000000000000e+03
9.120000000000000000e+02
9.210000000000000000e+02
1.103000000000000000e+03
2.765000000000000000e+03
3.746000000000000000e+03
5.000000000000000000e+00
1.738000000000000000e+03
4.122000000000000000e+03
4.650000000000000000e+03
2.150000000000000000e+03
1.564000000000000000e+03
2.478000000000000000e+03
1.070000000000000000e+02
4.282000000000000000e+03
6.160000000000000000e+02
3.203000000000000000e+03
1.921000000000000000e+03
4.240000000000000000e+02
1.912000000000000000e+03
2.417000000000000000e+03
3.357000000000000000e+03
2.266000000000000000e+03
1.115000000000000000e+03
2.173000000000000000e+03
8.870000000000000000e+02
4.860000000000000000e+02
1.635000000000000000e+03
1.337000000000000000e+03
6.140000000000000000e+02
2.850000000000000000e+03
3.981000000000000000e+03
1.511000000000000000e+03
4.874000000000000000e+03
8.550000000000000000e+02
