1.007000000000000000e+03
2.810000000000000000e+02
5.120000000000000000e+02
1.016000000000000000e+03
6.820000000000000000e+02
1.648000000000000000e+03
5.240000000000000000e+02
1.359000000000000000e+03
1.023000000000000000e+03
6.560000000000000000e+02
1.179000000000000000e+03
8.360000000000000000e+02
1.167000000000000000e+03
9.540000000000000000e+02
9.450000000000000000e+02
5.970000000000000000e+02
1.040000000000000000e+02
1.614000000000000000e+03
8.480000000000000000e+02
9.730000000000000000e+02
4.620000000000000000e+02
4.400000000000000000e+01
9.700000000000000000e+01
1.095000000000000000e+03
1.332000000000000000e+03
2.890000000000000000e+02
4.920000000000000000e+02
9.610000000000000000e+02
5.950000000000000000e+02
2.340000000000000000e+02
1.770000000000000000e+02
7.490000000000000000e+02
1.438000000000000000e+03
4.860000000000000000e+02
5.340000000000000000e+02
1.441000000000000000e+03
7.340000000000000000e+02
9.200000000000000000e+02
1.495000000000000000e+03
8.640000000000000000e+02
1.397000000000000000e+03
9.470000000000000000e+02
1.415000000000000000e+03
1.136000000000000000e+03
1.490000000000000000e+02
1.132000000000000000e+03
1.153000000000000000e+03
3.650000000000000000e+02
1.261000000000000000e+03
4.970000000000000000e+02
1.619000000000000000e+03
7.550000000000000000e+02
1.092000000000000000e+03
3.720000000000000000e+02
1.087000000000000000e+03
4.580000000000000000e+02
1.430000000000000000e+02
1.644000000000000000e+03
2.920000000000000000e+02
1.358000000000000000e+03
1.276000000000000000e+03
6.040000000000000000e+02
1.373000000000000000e+03
1.005000000000000000e+03
6.670000000000000000e+02
1.127000000000000000e+03
7.380000000000000000e+02
1.369000000000000000e+03
7.810000000000000000e+02
1.037000000000000000e+03
7.520000000000000000e+02
4.000000000000000000e+02
5.000000000000000000e+02
1.472000000000000000e+03
1.386000000000000000e+03
1.519000000000000000e+03
1.129000000000000000e+03
5.860000000000000000e+02
9.820000000000000000e+02
1.248000000000000000e+03
8.070000000000000000e+02
9.970000000000000000e+02
1.574000000000000000e+03
1.561000000000000000e+03
3.020000000000000000e+02
6.740000000000000000e+02
7.420000000000000000e+02
1.230000000000000000e+02
2.900000000000000000e+01
5.720000000000000000e+02
1.613000000000000000e+03
8.040000000000000000e+02
6.730000000000000000e+02
1.524000000000000000e+03
8.470000000000000000e+02
1.578000000000000000e+03
1.616000000000000000e+03
1.074000000000000000e+03
8.750000000000000000e+02
1.163000000000000000e+03
9.490000000000000000e+02
1.282000000000000000e+03
6.030000000000000000e+02
1.069000000000000000e+03
8.130000000000000000e+02
1.178000000000000000e+03
8.800000000000000000e+01
5.600000000000000000e+01
1.134000000000000000e+03
7.410000000000000000e+02
9.560000000000000000e+02
5.840000000000000000e+02
1.401000000000000000e+03
5.890000000000000000e+02
6.950000000000000000e+02
1.212000000000000000e+03
2.290000000000000000e+02
3.970000000000000000e+02
3.620000000000000000e+02
6.100000000000000000e+02
4.010000000000000000e+02
4.370000000000000000e+02
1.363000000000000000e+03
3.660000000000000000e+02
1.621000000000000000e+03
6.910000000000000000e+02
4.880000000000000000e+02
5.740000000000000000e+02
8.520000000000000000e+02
1.439000000000000000e+03
8.990000000000000000e+02
7.360000000000000000e+02
4.000000000000000000e+01
1.145000000000000000e+03
1.571000000000000000e+03
1.409000000000000000e+03
8.810000000000000000e+02
1.645000000000000000e+03
2.830000000000000000e+02
1.424000000000000000e+03
1.048000000000000000e+03
9.980000000000000000e+02
1.540000000000000000e+02
1.155000000000000000e+03
7.040000000000000000e+02
8.340000000000000000e+02
1.642000000000000000e+03
2.910000000000000000e+02
7.950000000000000000e+02
6.960000000000000000e+02
1.421000000000000000e+03
1.254000000000000000e+03
1.000000000000000000e+03
1.631000000000000000e+03
8.510000000000000000e+02
3.100000000000000000e+02
7.180000000000000000e+02
0.000000000000000000e+00
1.637000000000000000e+03
1.032000000000000000e+03
