6.540000000000000000e+02
7.240000000000000000e+02
1.410000000000000000e+02
1.553000000000000000e+03
9.820000000000000000e+02
4.340000000000000000e+02
7.510000000000000000e+02
1.392000000000000000e+03
2.890000000000000000e+02
2.130000000000000000e+02
1.266000000000000000e+03
5.410000000000000000e+02
1.232000000000000000e+03
1.632000000000000000e+03
1.125000000000000000e+03
1.681000000000000000e+03
4.410000000000000000e+02
7.120000000000000000e+02
3.110000000000000000e+02
2.400000000000000000e+01
1.365000000000000000e+03
3.400000000000000000e+02
8.670000000000000000e+02
1.678000000000000000e+03
8.720000000000000000e+02
1.920000000000000000e+02
2.450000000000000000e+02
1.460000000000000000e+02
1.557000000000000000e+03
2.150000000000000000e+02
8.180000000000000000e+02
1.076000000000000000e+03
1.383000000000000000e+03
8.830000000000000000e+02
2.090000000000000000e+02
3.570000000000000000e+02
9.290000000000000000e+02
1.339000000000000000e+03
1.515000000000000000e+03
1.032000000000000000e+03
4.100000000000000000e+01
1.099000000000000000e+03
6.020000000000000000e+02
1.368000000000000000e+03
1.495000000000000000e+03
7.440000000000000000e+02
3.150000000000000000e+02
2.350000000000000000e+02
7.300000000000000000e+01
1.520000000000000000e+02
1.300000000000000000e+01
2.900000000000000000e+01
4.600000000000000000e+02
1.446000000000000000e+03
7.130000000000000000e+02
3.420000000000000000e+02
2.420000000000000000e+02
7.590000000000000000e+02
5.160000000000000000e+02
1.670000000000000000e+02
3.710000000000000000e+02
1.531000000000000000e+03
7.000000000000000000e+02
1.152000000000000000e+03
3.170000000000000000e+02
6.210000000000000000e+02
7.810000000000000000e+02
1.276000000000000000e+03
1.228000000000000000e+03
1.189000000000000000e+03
1.171000000000000000e+03
1.042000000000000000e+03
1.498000000000000000e+03
1.349000000000000000e+03
1.389000000000000000e+03
4.560000000000000000e+02
1.301000000000000000e+03
1.618000000000000000e+03
7.700000000000000000e+02
1.679000000000000000e+03
7.860000000000000000e+02
7.210000000000000000e+02
8.230000000000000000e+02
1.312000000000000000e+03
1.730000000000000000e+02
5.580000000000000000e+02
6.300000000000000000e+01
1.090000000000000000e+02
3.200000000000000000e+01
1.376000000000000000e+03
1.596000000000000000e+03
8.150000000000000000e+02
7.900000000000000000e+02
6.830000000000000000e+02
2.380000000000000000e+02
7.730000000000000000e+02
9.250000000000000000e+02
5.500000000000000000e+02
2.330000000000000000e+02
8.870000000000000000e+02
6.010000000000000000e+02
5.030000000000000000e+02
6.090000000000000000e+02
1.380000000000000000e+03
8.770000000000000000e+02
1.486000000000000000e+03
8.380000000000000000e+02
5.840000000000000000e+02
1.399000000000000000e+03
4.900000000000000000e+01
2.690000000000000000e+02
5.610000000000000000e+02
1.442000000000000000e+03
1.496000000000000000e+03
6.770000000000000000e+02
8.440000000000000000e+02
5.190000000000000000e+02
1.488000000000000000e+03
1.705000000000000000e+03
1.010000000000000000e+03
7.480000000000000000e+02
7.220000000000000000e+02
1.500000000000000000e+03
1.601000000000000000e+03
1.109000000000000000e+03
1.390000000000000000e+03
1.169000000000000000e+03
1.686000000000000000e+03
6.640000000000000000e+02
8.370000000000000000e+02
1.168000000000000000e+03
1.317000000000000000e+03
7.890000000000000000e+02
1.585000000000000000e+03
5.790000000000000000e+02
1.311000000000000000e+03
1.030000000000000000e+03
2.870000000000000000e+02
1.352000000000000000e+03
7.930000000000000000e+02
2.140000000000000000e+02
6.630000000000000000e+02
1.404000000000000000e+03
4.730000000000000000e+02
1.578000000000000000e+03
2.570000000000000000e+02
7.050000000000000000e+02
9.070000000000000000e+02
1.036000000000000000e+03
1.092000000000000000e+03
1.180000000000000000e+03
6.200000000000000000e+01
1.097000000000000000e+03
1.428000000000000000e+03
1.358000000000000000e+03
4.320000000000000000e+02
5.780000000000000000e+02
1.316000000000000000e+03
1.685000000000000000e+03
8.080000000000000000e+02
1.082000000000000000e+03
1.182000000000000000e+03
8.600000000000000000e+01
5.000000000000000000e+01
1.600000000000000000e+03
1.251000000000000000e+03
1.394000000000000000e+03
4.640000000000000000e+02
1.145000000000000000e+03
2.920000000000000000e+02
7.260000000000000000e+02
3.930000000000000000e+02
6.800000000000000000e+02
1.045000000000000000e+03
7.300000000000000000e+02
1.222000000000000000e+03
9.490000000000000000e+02
1.550000000000000000e+03
1.005000000000000000e+03
1.576000000000000000e+03
1.287000000000000000e+03
1.637000000000000000e+03
9.590000000000000000e+02
1.277000000000000000e+03
5.990000000000000000e+02
1.540000000000000000e+03
1.019000000000000000e+03
1.400000000000000000e+03
1.388000000000000000e+03
8.320000000000000000e+02
1.683000000000000000e+03
2.290000000000000000e+02
1.658000000000000000e+03
9.500000000000000000e+02
1.048000000000000000e+03
1.355000000000000000e+03
1.930000000000000000e+02
1.610000000000000000e+02
1.035000000000000000e+03
1.340000000000000000e+03
