4.320000000000000000e+02
9.010000000000000000e+02
4.860000000000000000e+02
9.000000000000000000e+02
1.547000000000000000e+03
5.700000000000000000e+01
5.070000000000000000e+02
8.940000000000000000e+02
3.290000000000000000e+02
6.230000000000000000e+02
5.600000000000000000e+02
5.310000000000000000e+02
6.290000000000000000e+02
1.128000000000000000e+03
1.609000000000000000e+03
7.280000000000000000e+02
3.010000000000000000e+02
8.120000000000000000e+02
1.150000000000000000e+03
5.900000000000000000e+02
9.740000000000000000e+02
1.376000000000000000e+03
3.870000000000000000e+02
1.131000000000000000e+03
4.450000000000000000e+02
7.000000000000000000e+01
1.618000000000000000e+03
4.000000000000000000e+01
1.457000000000000000e+03
1.130000000000000000e+02
1.213000000000000000e+03
2.250000000000000000e+02
9.840000000000000000e+02
3.850000000000000000e+02
6.320000000000000000e+02
1.080000000000000000e+02
1.600000000000000000e+02
1.185000000000000000e+03
1.540000000000000000e+02
5.390000000000000000e+02
3.400000000000000000e+02
8.830000000000000000e+02
1.094000000000000000e+03
4.020000000000000000e+02
1.180000000000000000e+02
1.335000000000000000e+03
4.990000000000000000e+02
1.347000000000000000e+03
3.060000000000000000e+02
3.450000000000000000e+02
1.062000000000000000e+03
1.034000000000000000e+03
6.300000000000000000e+01
1.112000000000000000e+03
1.661000000000000000e+03
3.490000000000000000e+02
1.223000000000000000e+03
1.417000000000000000e+03
1.414000000000000000e+03
6.020000000000000000e+02
6.650000000000000000e+02
9.520000000000000000e+02
9.880000000000000000e+02
1.482000000000000000e+03
1.562000000000000000e+03
1.480000000000000000e+02
5.540000000000000000e+02
1.474000000000000000e+03
1.161000000000000000e+03
3.460000000000000000e+02
6.190000000000000000e+02
1.550000000000000000e+02
1.520000000000000000e+02
1.029000000000000000e+03
6.740000000000000000e+02
8.340000000000000000e+02
1.320000000000000000e+03
4.290000000000000000e+02
1.467000000000000000e+03
2.990000000000000000e+02
1.527000000000000000e+03
6.100000000000000000e+01
1.588000000000000000e+03
1.056000000000000000e+03
9.910000000000000000e+02
1.078000000000000000e+03
1.133000000000000000e+03
1.329000000000000000e+03
1.970000000000000000e+02
2.230000000000000000e+02
8.700000000000000000e+01
1.610000000000000000e+03
5.500000000000000000e+01
8.920000000000000000e+02
1.370000000000000000e+02
1.000000000000000000e+01
3.270000000000000000e+02
1.426000000000000000e+03
1.224000000000000000e+03
3.670000000000000000e+02
1.604000000000000000e+03
5.950000000000000000e+02
1.157000000000000000e+03
1.090000000000000000e+03
5.590000000000000000e+02
6.770000000000000000e+02
5.450000000000000000e+02
4.840000000000000000e+02
9.100000000000000000e+01
1.800000000000000000e+02
1.505000000000000000e+03
6.380000000000000000e+02
4.870000000000000000e+02
1.483000000000000000e+03
5.530000000000000000e+02
1.533000000000000000e+03
9.090000000000000000e+02
1.555000000000000000e+03
1.680000000000000000e+02
1.670000000000000000e+02
1.228000000000000000e+03
2.660000000000000000e+02
1.650000000000000000e+03
1.403000000000000000e+03
3.510000000000000000e+02
9.700000000000000000e+01
8.400000000000000000e+02
5.770000000000000000e+02
5.680000000000000000e+02
1.285000000000000000e+03
1.102000000000000000e+03
2.720000000000000000e+02
1.132000000000000000e+03
6.330000000000000000e+02
7.300000000000000000e+02
4.410000000000000000e+02
7.050000000000000000e+02
1.270000000000000000e+02
1.538000000000000000e+03
1.052000000000000000e+03
2.800000000000000000e+02
1.300000000000000000e+02
1.164000000000000000e+03
3.310000000000000000e+02
4.440000000000000000e+02
1.042000000000000000e+03
1.170000000000000000e+02
2.330000000000000000e+02
7.170000000000000000e+02
5.620000000000000000e+02
2.440000000000000000e+02
1.393000000000000000e+03
4.180000000000000000e+02
2.740000000000000000e+02
1.160000000000000000e+03
1.138000000000000000e+03
6.940000000000000000e+02
2.430000000000000000e+02
7.460000000000000000e+02
1.337000000000000000e+03
1.458000000000000000e+03
4.820000000000000000e+02
1.448000000000000000e+03
1.662000000000000000e+03
8.200000000000000000e+02
4.730000000000000000e+02
1.071000000000000000e+03
1.160000000000000000e+02
6.000000000000000000e+01
3.030000000000000000e+02
1.030000000000000000e+02
3.350000000000000000e+02
1.169000000000000000e+03
1.288000000000000000e+03
5.810000000000000000e+02
5.380000000000000000e+02
5.440000000000000000e+02
7.730000000000000000e+02
6.050000000000000000e+02
1.520000000000000000e+03
6.110000000000000000e+02
1.174000000000000000e+03
1.472000000000000000e+03
1.396000000000000000e+03
5.420000000000000000e+02
7.290000000000000000e+02
4.890000000000000000e+02
1.354000000000000000e+03
2.140000000000000000e+02
8.380000000000000000e+02
1.652000000000000000e+03
1.110000000000000000e+02
6.460000000000000000e+02
1.273000000000000000e+03
1.433000000000000000e+03
8.300000000000000000e+02
8.900000000000000000e+01
8.490000000000000000e+02
2.760000000000000000e+02
3.200000000000000000e+02
1.316000000000000000e+03
1.646000000000000000e+03
4.260000000000000000e+02
1.880000000000000000e+02
1.113000000000000000e+03
1.081000000000000000e+03
1.163000000000000000e+03
2.450000000000000000e+02
1.340000000000000000e+02
6.300000000000000000e+02
9.130000000000000000e+02
7.900000000000000000e+01
8.870000000000000000e+02
4.230000000000000000e+02
1.357000000000000000e+03
1.055000000000000000e+03
1.410000000000000000e+02
1.289000000000000000e+03
1.030000000000000000e+03
1.314000000000000000e+03
5.110000000000000000e+02
3.470000000000000000e+02
9.480000000000000000e+02
5.600000000000000000e+01
3.680000000000000000e+02
4.760000000000000000e+02
1.181000000000000000e+03
1.238000000000000000e+03
2.490000000000000000e+02
1.346000000000000000e+03
1.277000000000000000e+03
1.310000000000000000e+02
4.200000000000000000e+02
1.484000000000000000e+03
1.579000000000000000e+03
5.750000000000000000e+02
9.960000000000000000e+02
1.380000000000000000e+02
6.760000000000000000e+02
1.631000000000000000e+03
1.360000000000000000e+02
1.330000000000000000e+02
1.142000000000000000e+03
9.260000000000000000e+02
1.450000000000000000e+02
1.394000000000000000e+03
5.050000000000000000e+02
8.060000000000000000e+02
1.084000000000000000e+03
7.510000000000000000e+02
7.250000000000000000e+02
9.310000000000000000e+02
1.617000000000000000e+03
3.940000000000000000e+02
5.900000000000000000e+01
2.500000000000000000e+02
5.100000000000000000e+02
1.006000000000000000e+03
1.050000000000000000e+02
7.100000000000000000e+01
1.252000000000000000e+03
9.980000000000000000e+02
1.048000000000000000e+03
1.236000000000000000e+03
1.050000000000000000e+03
2.220000000000000000e+02
1.115000000000000000e+03
1.137000000000000000e+03
3.260000000000000000e+02
7.830000000000000000e+02
7.790000000000000000e+02
1.556000000000000000e+03
6.410000000000000000e+02
8.540000000000000000e+02
0.000000000000000000e+00
1.339000000000000000e+03
3.110000000000000000e+02
3.600000000000000000e+02
5.090000000000000000e+02
7.660000000000000000e+02
8.510000000000000000e+02
5.960000000000000000e+02
2.310000000000000000e+02
6.370000000000000000e+02
1.586000000000000000e+03
9.490000000000000000e+02
6.470000000000000000e+02
9.950000000000000000e+02
2.890000000000000000e+02
1.187000000000000000e+03
1.365000000000000000e+03
1.445000000000000000e+03
8.070000000000000000e+02
1.488000000000000000e+03
7.750000000000000000e+02
1.000000000000000000e+00
6.680000000000000000e+02
9.180000000000000000e+02
2.550000000000000000e+02
5.330000000000000000e+02
8.810000000000000000e+02
1.020000000000000000e+03
1.610000000000000000e+02
4.830000000000000000e+02
5.580000000000000000e+02
1.535000000000000000e+03
1.310000000000000000e+03
1.201000000000000000e+03
2.380000000000000000e+02
6.950000000000000000e+02
6.000000000000000000e+00
8.220000000000000000e+02
1.460000000000000000e+02
9.070000000000000000e+02
6.710000000000000000e+02
1.583000000000000000e+03
1.378000000000000000e+03
1.455000000000000000e+03
8.230000000000000000e+02
8.980000000000000000e+02
1.690000000000000000e+02
7.160000000000000000e+02
6.730000000000000000e+02
1.294000000000000000e+03
1.270000000000000000e+03
3.660000000000000000e+02
6.170000000000000000e+02
1.502000000000000000e+03
1.840000000000000000e+02
1.037000000000000000e+03
3.610000000000000000e+02
1.205000000000000000e+03
5.270000000000000000e+02
9.820000000000000000e+02
1.155000000000000000e+03
1.440000000000000000e+02
1.600000000000000000e+01
1.440000000000000000e+03
1.602000000000000000e+03
9.590000000000000000e+02
9.690000000000000000e+02
1.620000000000000000e+03
5.220000000000000000e+02
1.427000000000000000e+03
1.000000000000000000e+02
2.070000000000000000e+02
8.290000000000000000e+02
1.073000000000000000e+03
1.104000000000000000e+03
3.700000000000000000e+02
6.130000000000000000e+02
1.634000000000000000e+03
5.720000000000000000e+02
1.178000000000000000e+03
1.500000000000000000e+02
1.215000000000000000e+03
1.338000000000000000e+03
6.390000000000000000e+02
4.080000000000000000e+02
3.880000000000000000e+02
6.890000000000000000e+02
1.643000000000000000e+03
1.063000000000000000e+03
1.563000000000000000e+03
3.760000000000000000e+02
4.800000000000000000e+02
1.512000000000000000e+03
8.110000000000000000e+02
1.079000000000000000e+03
1.599000000000000000e+03
2.470000000000000000e+02
1.368000000000000000e+03
3.100000000000000000e+01
1.090000000000000000e+02
1.578000000000000000e+03
6.200000000000000000e+02
1.017000000000000000e+03
1.629000000000000000e+03
6.800000000000000000e+02
1.537000000000000000e+03
1.450000000000000000e+03
1.194000000000000000e+03
1.411000000000000000e+03
4.510000000000000000e+02
7.650000000000000000e+02
3.320000000000000000e+02
1.266000000000000000e+03
2.170000000000000000e+02
1.356000000000000000e+03
6.090000000000000000e+02
4.430000000000000000e+02
3.500000000000000000e+02
9.780000000000000000e+02
1.612000000000000000e+03
1.424000000000000000e+03
9.970000000000000000e+02
3.400000000000000000e+01
5.470000000000000000e+02
7.990000000000000000e+02
1.573000000000000000e+03
1.487000000000000000e+03
2.700000000000000000e+02
1.647000000000000000e+03
6.870000000000000000e+02
1.413000000000000000e+03
1.190000000000000000e+03
1.400000000000000000e+03
1.387000000000000000e+03
8.100000000000000000e+02
1.407000000000000000e+03
1.290000000000000000e+02
7.020000000000000000e+02
1.075000000000000000e+03
1.313000000000000000e+03
4.470000000000000000e+02
5.650000000000000000e+02
4.530000000000000000e+02
6.920000000000000000e+02
8.470000000000000000e+02
1.423000000000000000e+03
5.060000000000000000e+02
1.565000000000000000e+03
1.180000000000000000e+03
5.740000000000000000e+02
4.950000000000000000e+02
6.270000000000000000e+02
1.410000000000000000e+03
8.640000000000000000e+02
4.850000000000000000e+02
1.244000000000000000e+03
1.561000000000000000e+03
2.360000000000000000e+02
1.306000000000000000e+03
4.520000000000000000e+02
8.910000000000000000e+02
6.400000000000000000e+01
8.860000000000000000e+02
1.065000000000000000e+03
1.183000000000000000e+03
6.140000000000000000e+02
4.150000000000000000e+02
1.035000000000000000e+03
1.810000000000000000e+02
1.623000000000000000e+03
1.067000000000000000e+03
1.268000000000000000e+03
9.570000000000000000e+02
1.302000000000000000e+03
1.117000000000000000e+03
5.560000000000000000e+02
5.260000000000000000e+02
1.206000000000000000e+03
1.318000000000000000e+03
1.730000000000000000e+02
7.180000000000000000e+02
1.127000000000000000e+03
8.780000000000000000e+02
3.920000000000000000e+02
4.720000000000000000e+02
1.641000000000000000e+03
1.598000000000000000e+03
1.233000000000000000e+03
1.348000000000000000e+03
2.000000000000000000e+01
9.600000000000000000e+01
1.265000000000000000e+03
9.800000000000000000e+02
9.640000000000000000e+02
8.180000000000000000e+02
1.850000000000000000e+02
3.860000000000000000e+02
1.188000000000000000e+03
1.263000000000000000e+03
1.351000000000000000e+03
6.400000000000000000e+02
1.465000000000000000e+03
1.510000000000000000e+03
7.190000000000000000e+02
8.260000000000000000e+02
3.620000000000000000e+02
