3.223000000000000000e+03
3.775000000000000000e+03
2.983000000000000000e+03
4.670000000000000000e+03
4.178000000000000000e+03
4.700000000000000000e+03
7.800000000000000000e+01
4.380000000000000000e+03
1.873000000000000000e+03
1.430000000000000000e+02
4.088000000000000000e+03
1.899000000000000000e+03
1.798000000000000000e+03
4.394000000000000000e+03
2.971000000000000000e+03
2.252000000000000000e+03
2.132000000000000000e+03
3.563000000000000000e+03
2.016000000000000000e+03
1.683000000000000000e+03
3.226000000000000000e+03
4.159000000000000000e+03
1.460000000000000000e+03
1.722000000000000000e+03
1.839000000000000000e+03
1.433000000000000000e+03
3.088000000000000000e+03
1.747000000000000000e+03
3.656000000000000000e+03
4.786000000000000000e+03
2.307000000000000000e+03
3.788000000000000000e+03
3.044000000000000000e+03
1.834000000000000000e+03
4.350000000000000000e+02
3.930000000000000000e+02
4.725000000000000000e+03
1.678000000000000000e+03
1.470000000000000000e+02
4.841000000000000000e+03
2.978000000000000000e+03
3.208000000000000000e+03
1.432000000000000000e+03
2.271000000000000000e+03
1.293000000000000000e+03
4.703000000000000000e+03
2.382000000000000000e+03
4.516000000000000000e+03
2.970000000000000000e+02
2.010000000000000000e+03
1.551000000000000000e+03
3.097000000000000000e+03
3.363000000000000000e+03
2.804000000000000000e+03
3.561000000000000000e+03
1.401000000000000000e+03
4.727000000000000000e+03
2.294000000000000000e+03
1.493000000000000000e+03
1.735000000000000000e+03
2.828000000000000000e+03
1.905000000000000000e+03
1.472000000000000000e+03
1.958000000000000000e+03
7.460000000000000000e+02
4.898000000000000000e+03
3.154000000000000000e+03
3.414000000000000000e+03
2.526000000000000000e+03
3.818000000000000000e+03
2.100000000000000000e+03
2.780000000000000000e+02
2.729000000000000000e+03
3.794000000000000000e+03
3.196000000000000000e+03
3.574000000000000000e+03
6.120000000000000000e+02
2.285000000000000000e+03
3.181000000000000000e+03
3.698000000000000000e+03
3.548000000000000000e+03
5.230000000000000000e+02
3.843000000000000000e+03
3.793000000000000000e+03
1.531000000000000000e+03
4.411000000000000000e+03
2.761000000000000000e+03
3.460000000000000000e+02
3.230000000000000000e+02
1.358000000000000000e+03
2.287000000000000000e+03
3.584000000000000000e+03
4.816000000000000000e+03
2.113000000000000000e+03
3.945000000000000000e+03
1.861000000000000000e+03
1.673000000000000000e+03
4.239000000000000000e+03
1.360000000000000000e+02
7.060000000000000000e+02
1.996000000000000000e+03
3.050000000000000000e+02
3.905000000000000000e+03
1.525000000000000000e+03
5.210000000000000000e+02
1.331000000000000000e+03
2.488000000000000000e+03
2.512000000000000000e+03
6.050000000000000000e+02
2.721000000000000000e+03
3.601000000000000000e+03
4.536000000000000000e+03
2.902000000000000000e+03
4.420000000000000000e+02
1.263000000000000000e+03
2.139000000000000000e+03
3.916000000000000000e+03
1.468000000000000000e+03
3.083000000000000000e+03
3.816000000000000000e+03
1.444000000000000000e+03
1.885000000000000000e+03
1.870000000000000000e+02
9.900000000000000000e+01
2.525000000000000000e+03
2.424000000000000000e+03
2.569000000000000000e+03
1.602000000000000000e+03
1.641000000000000000e+03
3.353000000000000000e+03
7.450000000000000000e+02
3.221000000000000000e+03
1.518000000000000000e+03
4.442000000000000000e+03
1.095000000000000000e+03
3.067000000000000000e+03
1.490000000000000000e+02
2.451000000000000000e+03
1.252000000000000000e+03
2.009000000000000000e+03
3.306000000000000000e+03
3.920000000000000000e+03
1.607000000000000000e+03
1.938000000000000000e+03
4.833000000000000000e+03
3.447000000000000000e+03
3.648000000000000000e+03
1.296000000000000000e+03
2.678000000000000000e+03
7.500000000000000000e+01
6.160000000000000000e+02
2.643000000000000000e+03
1.676000000000000000e+03
1.072000000000000000e+03
2.840000000000000000e+02
4.032000000000000000e+03
1.108000000000000000e+03
1.684000000000000000e+03
4.250000000000000000e+03
9.510000000000000000e+02
8.800000000000000000e+01
1.555000000000000000e+03
1.190000000000000000e+03
3.559000000000000000e+03
4.041000000000000000e+03
1.524000000000000000e+03
1.587000000000000000e+03
1.500000000000000000e+01
4.604000000000000000e+03
3.699000000000000000e+03
2.150000000000000000e+03
2.786000000000000000e+03
3.523000000000000000e+03
5.360000000000000000e+02
4.778000000000000000e+03
2.480000000000000000e+03
1.368000000000000000e+03
2.051000000000000000e+03
4.236000000000000000e+03
4.045000000000000000e+03
2.683000000000000000e+03
1.302000000000000000e+03
1.848000000000000000e+03
6.080000000000000000e+02
3.986000000000000000e+03
1.342000000000000000e+03
4.252000000000000000e+03
1.988000000000000000e+03
3.679000000000000000e+03
5.320000000000000000e+02
4.251000000000000000e+03
2.075000000000000000e+03
3.527000000000000000e+03
2.969000000000000000e+03
1.974000000000000000e+03
1.664000000000000000e+03
3.400000000000000000e+03
2.831000000000000000e+03
1.751000000000000000e+03
1.726000000000000000e+03
1.803000000000000000e+03
4.753000000000000000e+03
2.838000000000000000e+03
1.593000000000000000e+03
4.874000000000000000e+03
4.234000000000000000e+03
1.783000000000000000e+03
3.227000000000000000e+03
3.969000000000000000e+03
1.442000000000000000e+03
3.632000000000000000e+03
3.014000000000000000e+03
3.376000000000000000e+03
3.130000000000000000e+03
4.927000000000000000e+03
3.170000000000000000e+02
3.307000000000000000e+03
2.707000000000000000e+03
1.830000000000000000e+03
3.750000000000000000e+03
4.464000000000000000e+03
1.208000000000000000e+03
3.375000000000000000e+03
1.464000000000000000e+03
4.415000000000000000e+03
4.901000000000000000e+03
2.665000000000000000e+03
4.697000000000000000e+03
1.297000000000000000e+03
7.000000000000000000e+00
5.810000000000000000e+02
1.424000000000000000e+03
2.793000000000000000e+03
3.872000000000000000e+03
4.040000000000000000e+03
1.953000000000000000e+03
1.170000000000000000e+02
1.420000000000000000e+02
2.091000000000000000e+03
1.421000000000000000e+03
3.000000000000000000e+01
2.658000000000000000e+03
4.877000000000000000e+03
3.627000000000000000e+03
2.011000000000000000e+03
2.064000000000000000e+03
3.173000000000000000e+03
3.992000000000000000e+03
3.035000000000000000e+03
3.573000000000000000e+03
2.389000000000000000e+03
1.922000000000000000e+03
2.500000000000000000e+03
3.821000000000000000e+03
2.914000000000000000e+03
4.107000000000000000e+03
3.420000000000000000e+03
2.712000000000000000e+03
1.300000000000000000e+02
4.056000000000000000e+03
2.198000000000000000e+03
4.694000000000000000e+03
2.912000000000000000e+03
1.100000000000000000e+02
2.346000000000000000e+03
1.470000000000000000e+03
3.261000000000000000e+03
3.813000000000000000e+03
3.700000000000000000e+01
3.200000000000000000e+03
4.000000000000000000e+00
4.804000000000000000e+03
1.858000000000000000e+03
3.745000000000000000e+03
1.856000000000000000e+03
3.841000000000000000e+03
5.340000000000000000e+02
1.723000000000000000e+03
3.370000000000000000e+02
3.778000000000000000e+03
3.009000000000000000e+03
2.621000000000000000e+03
2.580000000000000000e+03
4.913000000000000000e+03
2.464000000000000000e+03
4.830000000000000000e+03
3.368000000000000000e+03
3.874000000000000000e+03
3.410000000000000000e+02
1.793000000000000000e+03
3.741000000000000000e+03
3.668000000000000000e+03
1.945000000000000000e+03
4.402000000000000000e+03
4.224000000000000000e+03
4.573000000000000000e+03
2.641000000000000000e+03
3.932000000000000000e+03
2.740000000000000000e+02
1.316000000000000000e+03
4.073000000000000000e+03
3.962000000000000000e+03
4.735000000000000000e+03
4.662000000000000000e+03
3.464000000000000000e+03
1.999000000000000000e+03
2.367000000000000000e+03
4.141000000000000000e+03
1.609000000000000000e+03
4.409000000000000000e+03
2.449000000000000000e+03
3.635000000000000000e+03
2.291000000000000000e+03
3.033000000000000000e+03
2.345000000000000000e+03
4.719000000000000000e+03
1.016000000000000000e+03
2.560000000000000000e+02
4.799000000000000000e+03
1.109000000000000000e+03
2.796000000000000000e+03
3.253000000000000000e+03
2.940000000000000000e+02
1.975000000000000000e+03
2.282000000000000000e+03
2.951000000000000000e+03
4.515000000000000000e+03
4.569000000000000000e+03
2.875000000000000000e+03
3.427000000000000000e+03
3.727000000000000000e+03
3.411000000000000000e+03
4.680000000000000000e+03
4.441000000000000000e+03
8.000000000000000000e+00
1.552000000000000000e+03
1.196000000000000000e+03
3.061000000000000000e+03
4.551000000000000000e+03
4.688000000000000000e+03
3.789000000000000000e+03
1.278000000000000000e+03
3.619000000000000000e+03
4.108000000000000000e+03
1.874000000000000000e+03
3.519000000000000000e+03
3.365000000000000000e+03
1.422000000000000000e+03
4.427000000000000000e+03
2.671000000000000000e+03
2.247000000000000000e+03
4.584000000000000000e+03
6.170000000000000000e+02
4.392000000000000000e+03
3.666000000000000000e+03
4.579000000000000000e+03
4.289000000000000000e+03
2.757000000000000000e+03
4.189000000000000000e+03
1.715000000000000000e+03
4.744000000000000000e+03
1.063000000000000000e+03
2.590000000000000000e+03
3.842000000000000000e+03
4.030000000000000000e+02
1.107000000000000000e+03
1.554000000000000000e+03
4.022000000000000000e+03
1.915000000000000000e+03
3.090000000000000000e+02
1.511000000000000000e+03
3.230000000000000000e+03
1.295000000000000000e+03
4.672000000000000000e+03
1.950000000000000000e+03
3.885000000000000000e+03
9.990000000000000000e+02
2.680000000000000000e+02
3.578000000000000000e+03
1.970000000000000000e+03
2.995000000000000000e+03
3.214000000000000000e+03
4.196000000000000000e+03
2.947000000000000000e+03
2.301000000000000000e+03
4.647000000000000000e+03
3.247000000000000000e+03
4.720000000000000000e+03
3.438000000000000000e+03
3.417000000000000000e+03
2.104000000000000000e+03
3.093000000000000000e+03
3.911000000000000000e+03
1.982000000000000000e+03
4.115000000000000000e+03
3.659000000000000000e+03
3.489000000000000000e+03
3.493000000000000000e+03
4.909000000000000000e+03
3.715000000000000000e+03
3.877000000000000000e+03
4.914000000000000000e+03
3.294000000000000000e+03
3.735000000000000000e+03
4.801000000000000000e+03
3.805000000000000000e+03
2.862000000000000000e+03
3.906000000000000000e+03
3.999000000000000000e+03
4.859000000000000000e+03
4.113000000000000000e+03
3.618000000000000000e+03
3.935000000000000000e+03
4.506000000000000000e+03
4.244000000000000000e+03
4.417000000000000000e+03
2.755000000000000000e+03
4.177000000000000000e+03
4.559000000000000000e+03
3.556000000000000000e+03
6.100000000000000000e+01
3.810000000000000000e+03
4.567000000000000000e+03
3.436000000000000000e+03
4.478000000000000000e+03
1.230000000000000000e+02
2.888000000000000000e+03
3.454000000000000000e+03
2.000000000000000000e+01
4.891000000000000000e+03
3.624000000000000000e+03
2.208000000000000000e+03
2.369000000000000000e+03
4.638000000000000000e+03
4.709000000000000000e+03
1.989000000000000000e+03
1.643000000000000000e+03
4.756000000000000000e+03
2.916000000000000000e+03
2.572000000000000000e+03
1.388000000000000000e+03
3.937000000000000000e+03
1.080000000000000000e+03
2.826000000000000000e+03
2.719000000000000000e+03
3.776000000000000000e+03
4.261000000000000000e+03
2.107000000000000000e+03
1.238000000000000000e+03
1.503000000000000000e+03
3.822000000000000000e+03
4.829000000000000000e+03
2.668000000000000000e+03
1.100000000000000000e+03
2.393000000000000000e+03
4.562000000000000000e+03
2.334000000000000000e+03
4.595000000000000000e+03
3.397000000000000000e+03
4.539000000000000000e+03
2.612000000000000000e+03
2.243000000000000000e+03
4.052000000000000000e+03
3.502000000000000000e+03
4.322000000000000000e+03
2.175000000000000000e+03
2.731000000000000000e+03
1.369000000000000000e+03
4.470000000000000000e+03
1.449000000000000000e+03
5.470000000000000000e+02
4.736000000000000000e+03
2.078000000000000000e+03
2.794000000000000000e+03
3.126000000000000000e+03
2.350000000000000000e+02
3.792000000000000000e+03
1.892000000000000000e+03
4.414000000000000000e+03
2.685000000000000000e+03
4.360000000000000000e+02
3.956000000000000000e+03
4.529000000000000000e+03
4.412000000000000000e+03
2.169000000000000000e+03
1.846000000000000000e+03
9.700000000000000000e+02
1.120000000000000000e+02
4.430000000000000000e+02
3.840000000000000000e+02
4.487000000000000000e+03
2.500000000000000000e+01
3.965000000000000000e+03
4.661000000000000000e+03
3.583000000000000000e+03
1.600000000000000000e+02
4.152000000000000000e+03
4.290000000000000000e+02
1.775000000000000000e+03
1.990000000000000000e+03
3.534000000000000000e+03
1.008000000000000000e+03
2.124000000000000000e+03
4.071000000000000000e+03
1.404000000000000000e+03
4.280000000000000000e+03
3.220000000000000000e+03
4.660000000000000000e+03
1.340000000000000000e+03
3.213000000000000000e+03
3.790000000000000000e+03
3.994000000000000000e+03
3.425000000000000000e+03
3.934000000000000000e+03
2.180000000000000000e+02
4.503000000000000000e+03
1.149000000000000000e+03
4.732000000000000000e+03
1.167000000000000000e+03
3.630000000000000000e+03
2.418000000000000000e+03
4.854000000000000000e+03
7.400000000000000000e+01
2.123000000000000000e+03
3.974000000000000000e+03
2.101000000000000000e+03
2.250000000000000000e+02
3.590000000000000000e+03
9.970000000000000000e+02
4.544000000000000000e+03
2.953000000000000000e+03
4.586000000000000000e+03
3.686000000000000000e+03
1.096000000000000000e+03
1.117000000000000000e+03
4.164000000000000000e+03
1.832000000000000000e+03
1.234000000000000000e+03
3.918000000000000000e+03
3.838000000000000000e+03
1.041000000000000000e+03
1.995000000000000000e+03
1.494000000000000000e+03
3.717000000000000000e+03
3.642000000000000000e+03
1.241000000000000000e+03
4.140000000000000000e+02
4.911000000000000000e+03
4.324000000000000000e+03
1.808000000000000000e+03
4.475000000000000000e+03
8.720000000000000000e+02
2.910000000000000000e+03
1.086000000000000000e+03
1.738000000000000000e+03
4.156000000000000000e+03
2.320000000000000000e+02
1.068000000000000000e+03
4.031000000000000000e+03
3.401000000000000000e+03
4.373000000000000000e+03
7.170000000000000000e+02
4.378000000000000000e+03
2.280000000000000000e+03
4.096000000000000000e+03
2.356000000000000000e+03
2.950000000000000000e+02
2.266000000000000000e+03
4.881000000000000000e+03
3.206000000000000000e+03
4.360000000000000000e+03
4.248000000000000000e+03
1.977000000000000000e+03
4.497000000000000000e+03
4.007000000000000000e+03
3.327000000000000000e+03
4.207000000000000000e+03
1.430000000000000000e+03
1.186000000000000000e+03
2.278000000000000000e+03
2.521000000000000000e+03
3.046000000000000000e+03
3.419000000000000000e+03
4.204000000000000000e+03
4.763000000000000000e+03
2.190000000000000000e+03
2.241000000000000000e+03
4.174000000000000000e+03
3.408000000000000000e+03
3.860000000000000000e+02
4.439000000000000000e+03
1.810000000000000000e+03
4.810000000000000000e+03
3.680000000000000000e+03
1.599000000000000000e+03
3.720000000000000000e+02
2.140000000000000000e+03
4.187000000000000000e+03
3.380000000000000000e+03
4.897000000000000000e+03
2.932000000000000000e+03
4.350000000000000000e+03
1.233000000000000000e+03
3.850000000000000000e+03
2.657000000000000000e+03
3.643000000000000000e+03
1.840000000000000000e+03
4.618000000000000000e+03
3.514000000000000000e+03
2.217000000000000000e+03
2.318000000000000000e+03
9.200000000000000000e+01
4.600000000000000000e+03
1.379000000000000000e+03
3.650000000000000000e+03
1.570000000000000000e+03
4.456000000000000000e+03
3.954000000000000000e+03
3.540000000000000000e+03
1.101000000000000000e+03
4.354000000000000000e+03
4.435000000000000000e+03
2.080000000000000000e+03
1.912000000000000000e+03
1.692000000000000000e+03
3.043000000000000000e+03
4.193000000000000000e+03
2.799000000000000000e+03
4.074000000000000000e+03
1.363000000000000000e+03
3.132000000000000000e+03
2.203000000000000000e+03
1.330000000000000000e+02
3.589000000000000000e+03
1.910000000000000000e+03
4.245000000000000000e+03
1.560000000000000000e+03
4.653000000000000000e+03
4.482000000000000000e+03
2.122000000000000000e+03
1.879000000000000000e+03
4.749000000000000000e+03
4.128000000000000000e+03
1.876000000000000000e+03
3.765000000000000000e+03
3.364000000000000000e+03
1.055000000000000000e+03
2.358000000000000000e+03
3.672000000000000000e+03
1.301000000000000000e+03
3.926000000000000000e+03
4.707000000000000000e+03
3.542000000000000000e+03
2.084000000000000000e+03
4.069000000000000000e+03
3.108000000000000000e+03
3.852000000000000000e+03
1.235000000000000000e+03
3.845000000000000000e+03
2.493000000000000000e+03
3.564000000000000000e+03
2.853000000000000000e+03
1.075000000000000000e+03
3.349000000000000000e+03
1.003000000000000000e+03
2.810000000000000000e+02
4.036000000000000000e+03
3.691000000000000000e+03
3.865000000000000000e+03
4.904000000000000000e+03
1.439000000000000000e+03
4.840000000000000000e+03
3.660000000000000000e+03
1.411000000000000000e+03
1.940000000000000000e+02
2.197000000000000000e+03
1.730000000000000000e+03
2.119000000000000000e+03
1.375000000000000000e+03
1.642000000000000000e+03
1.454000000000000000e+03
1.290000000000000000e+03
2.150000000000000000e+02
4.021000000000000000e+03
4.852000000000000000e+03
1.160000000000000000e+02
2.070000000000000000e+02
3.238000000000000000e+03
5.300000000000000000e+01
1.074000000000000000e+03
4.639000000000000000e+03
3.451000000000000000e+03
3.540000000000000000e+02
3.777000000000000000e+03
3.827000000000000000e+03
1.548000000000000000e+03
1.381000000000000000e+03
3.300000000000000000e+03
4.811000000000000000e+03
4.034000000000000000e+03
4.789000000000000000e+03
1.576000000000000000e+03
4.886000000000000000e+03
3.078000000000000000e+03
3.282000000000000000e+03
3.412000000000000000e+03
3.505000000000000000e+03
3.007000000000000000e+03
3.861000000000000000e+03
4.233000000000000000e+03
2.153000000000000000e+03
1.347000000000000000e+03
3.942000000000000000e+03
3.138000000000000000e+03
3.383000000000000000e+03
1.434000000000000000e+03
1.153000000000000000e+03
3.595000000000000000e+03
6.760000000000000000e+02
2.962000000000000000e+03
3.050000000000000000e+03
7.910000000000000000e+02
3.485000000000000000e+03
1.000000000000000000e+02
3.501000000000000000e+03
4.517000000000000000e+03
1.102000000000000000e+03
4.430000000000000000e+03
4.172000000000000000e+03
1.205000000000000000e+03
4.812000000000000000e+03
2.187000000000000000e+03
3.706000000000000000e+03
7.200000000000000000e+01
2.689000000000000000e+03
4.575000000000000000e+03
2.610000000000000000e+02
4.010000000000000000e+03
2.262000000000000000e+03
3.868000000000000000e+03
1.136000000000000000e+03
3.140000000000000000e+02
2.713000000000000000e+03
4.227000000000000000e+03
8.250000000000000000e+02
3.593000000000000000e+03
3.404000000000000000e+03
3.988000000000000000e+03
7.220000000000000000e+02
3.729000000000000000e+03
2.321000000000000000e+03
2.694000000000000000e+03
4.057000000000000000e+03
4.349000000000000000e+03
3.785000000000000000e+03
4.656000000000000000e+03
4.711000000000000000e+03
2.720000000000000000e+03
1.545000000000000000e+03
1.441000000000000000e+03
3.443000000000000000e+03
2.981000000000000000e+03
2.357000000000000000e+03
2.802000000000000000e+03
3.606000000000000000e+03
3.255000000000000000e+03
4.205000000000000000e+03
3.737000000000000000e+03
3.431000000000000000e+03
4.665000000000000000e+03
2.296000000000000000e+03
1.631000000000000000e+03
1.397000000000000000e+03
1.225000000000000000e+03
1.556000000000000000e+03
2.991000000000000000e+03
9.240000000000000000e+02
4.326000000000000000e+03
3.148000000000000000e+03
2.384000000000000000e+03
4.615000000000000000e+03
3.894000000000000000e+03
1.250000000000000000e+03
2.460000000000000000e+03
3.948000000000000000e+03
1.613000000000000000e+03
1.850000000000000000e+03
2.312000000000000000e+03
3.639000000000000000e+03
2.435000000000000000e+03
1.513000000000000000e+03
9.630000000000000000e+02
2.394000000000000000e+03
3.830000000000000000e+03
1.423000000000000000e+03
1.282000000000000000e+03
2.052000000000000000e+03
2.653000000000000000e+03
2.640000000000000000e+03
1.000000000000000000e+01
1.303000000000000000e+03
3.958000000000000000e+03
4.065000000000000000e+03
4.097000000000000000e+03
1.217000000000000000e+03
3.087000000000000000e+03
1.811000000000000000e+03
3.237000000000000000e+03
4.807000000000000000e+03
3.038000000000000000e+03
4.682000000000000000e+03
4.779000000000000000e+03
3.904000000000000000e+03
2.395000000000000000e+03
4.790000000000000000e+03
3.970000000000000000e+03
4.102000000000000000e+03
1.976000000000000000e+03
4.755000000000000000e+03
3.687000000000000000e+03
1.145000000000000000e+03
3.089000000000000000e+03
3.103000000000000000e+03
4.134000000000000000e+03
1.606000000000000000e+03
2.910000000000000000e+02
2.950000000000000000e+03
2.423000000000000000e+03
2.249000000000000000e+03
4.213000000000000000e+03
3.528000000000000000e+03
4.181000000000000000e+03
3.671000000000000000e+03
4.377000000000000000e+03
2.990000000000000000e+03
4.380000000000000000e+02
2.472000000000000000e+03
2.611000000000000000e+03
1.364000000000000000e+03
2.047000000000000000e+03
1.200000000000000000e+02
3.480000000000000000e+03
1.053000000000000000e+03
1.831000000000000000e+03
1.247000000000000000e+03
4.876000000000000000e+03
1.668000000000000000e+03
1.244000000000000000e+03
3.500000000000000000e+03
2.977000000000000000e+03
3.972000000000000000e+03
1.188000000000000000e+03
2.072000000000000000e+03
4.219000000000000000e+03
2.029000000000000000e+03
4.582000000000000000e+03
1.720000000000000000e+03
3.733000000000000000e+03
4.391000000000000000e+03
1.124000000000000000e+03
1.815000000000000000e+03
3.390000000000000000e+03
3.809000000000000000e+03
1.224000000000000000e+03
3.839000000000000000e+03
3.692000000000000000e+03
4.013000000000000000e+03
2.968000000000000000e+03
3.120000000000000000e+03
1.906000000000000000e+03
1.312000000000000000e+03
3.115000000000000000e+03
3.824000000000000000e+03
2.515000000000000000e+03
2.090000000000000000e+03
4.050000000000000000e+02
4.014000000000000000e+03
4.878000000000000000e+03
4.670000000000000000e+02
1.362000000000000000e+03
4.390000000000000000e+02
4.294000000000000000e+03
4.270000000000000000e+03
3.650000000000000000e+02
3.600000000000000000e+02
2.578000000000000000e+03
4.160000000000000000e+02
3.286000000000000000e+03
4.657000000000000000e+03
2.288000000000000000e+03
1.486000000000000000e+03
1.963000000000000000e+03
2.360000000000000000e+02
2.898000000000000000e+03
1.679000000000000000e+03
2.754000000000000000e+03
9.800000000000000000e+02
3.944000000000000000e+03
3.026000000000000000e+03
1.746000000000000000e+03
1.207000000000000000e+03
3.161000000000000000e+03
3.037000000000000000e+03
4.366000000000000000e+03
1.116000000000000000e+03
1.869000000000000000e+03
1.913000000000000000e+03
1.325000000000000000e+03
1.608000000000000000e+03
2.102000000000000000e+03
2.260000000000000000e+02
4.885000000000000000e+03
1.690000000000000000e+02
4.666000000000000000e+03
2.715000000000000000e+03
2.143000000000000000e+03
1.981000000000000000e+03
1.971000000000000000e+03
9.910000000000000000e+02
1.030000000000000000e+03
4.185000000000000000e+03
4.142000000000000000e+03
4.277000000000000000e+03
4.907000000000000000e+03
2.269000000000000000e+03
8.000000000000000000e+01
3.240000000000000000e+02
2.974000000000000000e+03
3.600000000000000000e+03
5.180000000000000000e+02
1.561000000000000000e+03
1.203000000000000000e+03
1.570000000000000000e+02
4.404000000000000000e+03
4.553000000000000000e+03
3.896000000000000000e+03
4.713000000000000000e+03
1.968000000000000000e+03
3.829000000000000000e+03
2.459000000000000000e+03
4.276000000000000000e+03
2.890000000000000000e+03
3.873000000000000000e+03
2.534000000000000000e+03
3.531000000000000000e+03
4.364000000000000000e+03
4.199000000000000000e+03
4.917000000000000000e+03
2.404000000000000000e+03
7.300000000000000000e+01
2.383000000000000000e+03
3.518000000000000000e+03
4.243000000000000000e+03
3.073000000000000000e+03
4.229000000000000000e+03
1.710000000000000000e+02
4.352000000000000000e+03
3.968000000000000000e+03
4.305000000000000000e+03
4.738000000000000000e+03
