3.630000000000000000e+02
5.950000000000000000e+02
7.610000000000000000e+02
2.540000000000000000e+02
8.010000000000000000e+02
4.510000000000000000e+02
6.400000000000000000e+02
5.930000000000000000e+02
7.500000000000000000e+02
7.810000000000000000e+02
1.400000000000000000e+03
3.180000000000000000e+02
8.040000000000000000e+02
1.359000000000000000e+03
1.650000000000000000e+03
8.390000000000000000e+02
1.585000000000000000e+03
7.000000000000000000e+02
5.790000000000000000e+02
1.378000000000000000e+03
4.680000000000000000e+02
1.449000000000000000e+03
8.090000000000000000e+02
1.635000000000000000e+03
7.170000000000000000e+02
1.531000000000000000e+03
1.630000000000000000e+03
1.664000000000000000e+03
6.040000000000000000e+02
1.500000000000000000e+03
1.633000000000000000e+03
4.560000000000000000e+02
1.693000000000000000e+03
6.770000000000000000e+02
1.435000000000000000e+03
8.020000000000000000e+02
6.630000000000000000e+02
2.620000000000000000e+02
1.228000000000000000e+03
5.520000000000000000e+02
1.613000000000000000e+03
3.070000000000000000e+02
1.696000000000000000e+03
1.639000000000000000e+03
1.260000000000000000e+03
1.692000000000000000e+03
7.650000000000000000e+02
8.440000000000000000e+02
1.614000000000000000e+03
1.523000000000000000e+03
1.660000000000000000e+03
8.180000000000000000e+02
1.097000000000000000e+03
7.410000000000000000e+02
1.683000000000000000e+03
1.540000000000000000e+03
2.290000000000000000e+02
1.467000000000000000e+03
3.930000000000000000e+02
1.555000000000000000e+03
1.055000000000000000e+03
1.269000000000000000e+03
8.320000000000000000e+02
1.091000000000000000e+03
7.460000000000000000e+02
7.640000000000000000e+02
3.650000000000000000e+02
6.590000000000000000e+02
1.637000000000000000e+03
1.168000000000000000e+03
2.340000000000000000e+02
5.090000000000000000e+02
1.389000000000000000e+03
1.293000000000000000e+03
1.388000000000000000e+03
2.800000000000000000e+02
4.800000000000000000e+02
1.150000000000000000e+02
1.621000000000000000e+03
6.200000000000000000e+01
1.311000000000000000e+03
1.230000000000000000e+02
3.710000000000000000e+02
1.498000000000000000e+03
3.810000000000000000e+02
1.349000000000000000e+03
4.790000000000000000e+02
1.442000000000000000e+03
8.150000000000000000e+02
4.730000000000000000e+02
1.030000000000000000e+03
1.602000000000000000e+03
1.503000000000000000e+03
4.900000000000000000e+01
6.270000000000000000e+02
1.579000000000000000e+03
1.189000000000000000e+03
1.277000000000000000e+03
1.705000000000000000e+03
1.596000000000000000e+03
