9.490000000000000000e+02
1.272000000000000000e+03
1.180000000000000000e+03
1.620000000000000000e+02
7.550000000000000000e+02
4.340000000000000000e+02
5.580000000000000000e+02
1.045000000000000000e+03
3.530000000000000000e+02
9.570000000000000000e+02
1.611000000000000000e+03
7.130000000000000000e+02
7.360000000000000000e+02
3.840000000000000000e+02
1.229000000000000000e+03
1.528000000000000000e+03
1.606000000000000000e+03
7.340000000000000000e+02
8.010000000000000000e+02
6.470000000000000000e+02
1.293000000000000000e+03
4.500000000000000000e+02
1.563000000000000000e+03
4.630000000000000000e+02
7.330000000000000000e+02
5.080000000000000000e+02
7.400000000000000000e+01
8.550000000000000000e+02
9.080000000000000000e+02
8.220000000000000000e+02
9.510000000000000000e+02
1.175000000000000000e+03
1.485000000000000000e+03
1.024000000000000000e+03
4.570000000000000000e+02
1.459000000000000000e+03
8.050000000000000000e+02
1.235000000000000000e+03
6.700000000000000000e+01
6.760000000000000000e+02
1.440000000000000000e+03
3.680000000000000000e+02
4.830000000000000000e+02
7.100000000000000000e+01
1.155000000000000000e+03
1.465000000000000000e+03
1.100000000000000000e+02
1.422000000000000000e+03
4.870000000000000000e+02
8.110000000000000000e+02
1.299000000000000000e+03
4.250000000000000000e+02
7.050000000000000000e+02
8.830000000000000000e+02
1.330000000000000000e+03
1.654000000000000000e+03
1.619000000000000000e+03
1.300000000000000000e+01
5.100000000000000000e+01
1.206000000000000000e+03
1.612000000000000000e+03
1.288000000000000000e+03
9.720000000000000000e+02
1.633000000000000000e+03
1.640000000000000000e+03
7.630000000000000000e+02
7.580000000000000000e+02
1.102000000000000000e+03
1.371000000000000000e+03
7.880000000000000000e+02
9.460000000000000000e+02
5.710000000000000000e+02
1.345000000000000000e+03
3.760000000000000000e+02
1.435000000000000000e+03
3.740000000000000000e+02
1.657000000000000000e+03
5.770000000000000000e+02
1.395000000000000000e+03
1.302000000000000000e+03
5.670000000000000000e+02
3.910000000000000000e+02
5.400000000000000000e+01
1.160000000000000000e+02
8.740000000000000000e+02
4.560000000000000000e+02
1.134000000000000000e+03
8.230000000000000000e+02
4.690000000000000000e+02
6.380000000000000000e+02
8.500000000000000000e+02
8.800000000000000000e+01
1.690000000000000000e+02
1.275000000000000000e+03
1.600000000000000000e+02
5.860000000000000000e+02
3.080000000000000000e+02
5.030000000000000000e+02
1.416000000000000000e+03
1.110000000000000000e+02
1.361000000000000000e+03
9.470000000000000000e+02
3.560000000000000000e+02
1.790000000000000000e+02
1.234000000000000000e+03
2.560000000000000000e+02
4.260000000000000000e+02
1.241000000000000000e+03
1.536000000000000000e+03
8.940000000000000000e+02
3.340000000000000000e+02
7.660000000000000000e+02
7.540000000000000000e+02
5.180000000000000000e+02
1.552000000000000000e+03
9.090000000000000000e+02
7.470000000000000000e+02
2.750000000000000000e+02
5.100000000000000000e+02
1.008000000000000000e+03
9.840000000000000000e+02
1.142000000000000000e+03
6.330000000000000000e+02
4.460000000000000000e+02
8.900000000000000000e+02
2.660000000000000000e+02
1.323000000000000000e+03
2.620000000000000000e+02
6.100000000000000000e+02
1.420000000000000000e+03
6.580000000000000000e+02
6.040000000000000000e+02
1.145000000000000000e+03
1.570000000000000000e+02
1.285000000000000000e+03
1.566000000000000000e+03
3.430000000000000000e+02
3.200000000000000000e+01
7.980000000000000000e+02
5.690000000000000000e+02
1.318000000000000000e+03
1.074000000000000000e+03
4.310000000000000000e+02
7.700000000000000000e+01
4.180000000000000000e+02
4.190000000000000000e+02
1.182000000000000000e+03
1.385000000000000000e+03
8.040000000000000000e+02
4.880000000000000000e+02
3.000000000000000000e+01
5.290000000000000000e+02
1.058000000000000000e+03
1.015000000000000000e+03
6.340000000000000000e+02
7.870000000000000000e+02
1.048000000000000000e+03
1.418000000000000000e+03
1.360000000000000000e+03
6.670000000000000000e+02
7.010000000000000000e+02
5.400000000000000000e+02
1.284000000000000000e+03
1.447000000000000000e+03
1.399000000000000000e+03
9.670000000000000000e+02
4.940000000000000000e+02
1.070000000000000000e+03
1.187000000000000000e+03
1.334000000000000000e+03
6.130000000000000000e+02
1.238000000000000000e+03
9.010000000000000000e+02
1.196000000000000000e+03
4.300000000000000000e+02
9.750000000000000000e+02
4.450000000000000000e+02
4.920000000000000000e+02
1.653000000000000000e+03
4.040000000000000000e+02
6.520000000000000000e+02
1.496000000000000000e+03
1.546000000000000000e+03
1.164000000000000000e+03
5.500000000000000000e+02
1.600000000000000000e+01
1.150000000000000000e+03
1.253000000000000000e+03
5.870000000000000000e+02
4.610000000000000000e+02
3.990000000000000000e+02
1.305000000000000000e+03
1.190000000000000000e+03
1.248000000000000000e+03
3.950000000000000000e+02
2.200000000000000000e+02
5.600000000000000000e+01
1.367000000000000000e+03
4.350000000000000000e+02
3.020000000000000000e+02
1.190000000000000000e+02
8.250000000000000000e+02
1.567000000000000000e+03
1.340000000000000000e+03
3.100000000000000000e+01
1.131000000000000000e+03
5.550000000000000000e+02
8.450000000000000000e+02
1.140000000000000000e+02
2.890000000000000000e+02
3.580000000000000000e+02
2.570000000000000000e+02
1.850000000000000000e+02
3.610000000000000000e+02
5.320000000000000000e+02
1.960000000000000000e+02
5.800000000000000000e+02
1.580000000000000000e+02
1.588000000000000000e+03
1.437000000000000000e+03
6.710000000000000000e+02
1.620000000000000000e+03
6.960000000000000000e+02
2.350000000000000000e+02
1.100000000000000000e+03
6.910000000000000000e+02
6.540000000000000000e+02
1.105000000000000000e+03
1.471000000000000000e+03
1.587000000000000000e+03
5.520000000000000000e+02
1.408000000000000000e+03
1.458000000000000000e+03
1.232000000000000000e+03
1.444000000000000000e+03
1.244000000000000000e+03
2.190000000000000000e+02
1.526000000000000000e+03
7.270000000000000000e+02
5.740000000000000000e+02
1.290000000000000000e+02
5.050000000000000000e+02
8.770000000000000000e+02
7.590000000000000000e+02
2.960000000000000000e+02
2.030000000000000000e+02
1.053000000000000000e+03
1.146000000000000000e+03
9.360000000000000000e+02
6.870000000000000000e+02
1.490000000000000000e+02
2.100000000000000000e+02
1.438000000000000000e+03
1.106000000000000000e+03
1.050000000000000000e+03
1.379000000000000000e+03
6.400000000000000000e+01
2.160000000000000000e+02
7.520000000000000000e+02
1.129000000000000000e+03
7.500000000000000000e+01
1.117000000000000000e+03
1.740000000000000000e+02
5.200000000000000000e+02
1.226000000000000000e+03
1.260000000000000000e+03
1.213000000000000000e+03
7.120000000000000000e+02
2.640000000000000000e+02
9.920000000000000000e+02
1.263000000000000000e+03
7.070000000000000000e+02
1.310000000000000000e+02
9.040000000000000000e+02
2.000000000000000000e+02
9.830000000000000000e+02
1.581000000000000000e+03
1.393000000000000000e+03
1.250000000000000000e+02
5.280000000000000000e+02
6.890000000000000000e+02
1.230000000000000000e+03
4.900000000000000000e+01
1.472000000000000000e+03
1.166000000000000000e+03
1.290000000000000000e+03
1.547000000000000000e+03
1.136000000000000000e+03
1.504000000000000000e+03
1.575000000000000000e+03
8.030000000000000000e+02
1.143000000000000000e+03
3.460000000000000000e+02
1.544000000000000000e+03
1.537000000000000000e+03
4.140000000000000000e+02
1.118000000000000000e+03
1.365000000000000000e+03
1.430000000000000000e+03
6.240000000000000000e+02
7.180000000000000000e+02
1.233000000000000000e+03
9.810000000000000000e+02
6.940000000000000000e+02
1.321000000000000000e+03
7.110000000000000000e+02
2.710000000000000000e+02
1.410000000000000000e+02
3.940000000000000000e+02
1.440000000000000000e+02
1.067000000000000000e+03
9.310000000000000000e+02
1.127000000000000000e+03
2.510000000000000000e+02
1.333000000000000000e+03
1.270000000000000000e+03
1.256000000000000000e+03
4.720000000000000000e+02
1.632000000000000000e+03
1.439000000000000000e+03
1.572000000000000000e+03
1.574000000000000000e+03
1.456000000000000000e+03
5.230000000000000000e+02
1.557000000000000000e+03
1.608000000000000000e+03
1.000000000000000000e+03
1.445000000000000000e+03
1.093000000000000000e+03
8.970000000000000000e+02
1.084000000000000000e+03
5.170000000000000000e+02
9.930000000000000000e+02
4.670000000000000000e+02
1.592000000000000000e+03
3.810000000000000000e+02
1.185000000000000000e+03
5.760000000000000000e+02
5.940000000000000000e+02
1.194000000000000000e+03
8.930000000000000000e+02
4.620000000000000000e+02
4.900000000000000000e+02
1.750000000000000000e+02
7.850000000000000000e+02
8.780000000000000000e+02
1.427000000000000000e+03
2.300000000000000000e+01
4.390000000000000000e+02
3.390000000000000000e+02
9.210000000000000000e+02
1.036000000000000000e+03
5.150000000000000000e+02
8.620000000000000000e+02
9.800000000000000000e+02
1.415000000000000000e+03
5.590000000000000000e+02
3.890000000000000000e+02
5.300000000000000000e+02
1.071000000000000000e+03
1.661000000000000000e+03
1.397000000000000000e+03
1.652000000000000000e+03
3.540000000000000000e+02
1.990000000000000000e+02
1.211000000000000000e+03
4.290000000000000000e+02
7.480000000000000000e+02
4.700000000000000000e+02
7.250000000000000000e+02
7.950000000000000000e+02
4.440000000000000000e+02
9.740000000000000000e+02
1.649000000000000000e+03
1.639000000000000000e+03
1.000000000000000000e+02
2.380000000000000000e+02
1.650000000000000000e+02
4.530000000000000000e+02
7.430000000000000000e+02
1.644000000000000000e+03
6.150000000000000000e+02
6.530000000000000000e+02
1.061000000000000000e+03
1.642000000000000000e+03
1.626000000000000000e+03
1.139000000000000000e+03
1.124000000000000000e+03
6.930000000000000000e+02
7.690000000000000000e+02
1.980000000000000000e+02
1.535000000000000000e+03
3.400000000000000000e+01
1.000000000000000000e+00
2.970000000000000000e+02
1.503000000000000000e+03
2.200000000000000000e+01
2.590000000000000000e+02
1.097000000000000000e+03
3.360000000000000000e+02
1.282000000000000000e+03
1.430000000000000000e+02
1.516000000000000000e+03
7.000000000000000000e+01
1.082000000000000000e+03
9.330000000000000000e+02
1.252000000000000000e+03
1.645000000000000000e+03
1.583000000000000000e+03
3.400000000000000000e+02
1.482000000000000000e+03
1.261000000000000000e+03
5.190000000000000000e+02
1.209000000000000000e+03
1.512000000000000000e+03
1.508000000000000000e+03
4.410000000000000000e+02
1.119000000000000000e+03
2.900000000000000000e+02
1.184000000000000000e+03
7.370000000000000000e+02
5.490000000000000000e+02
7.380000000000000000e+02
8.290000000000000000e+02
9.500000000000000000e+02
4.980000000000000000e+02
8.270000000000000000e+02
1.030000000000000000e+02
4.060000000000000000e+02
2.600000000000000000e+02
1.553000000000000000e+03
3.670000000000000000e+02
1.322000000000000000e+03
2.430000000000000000e+02
3.660000000000000000e+02
2.080000000000000000e+02
2.100000000000000000e+01
1.610000000000000000e+03
7.790000000000000000e+02
5.480000000000000000e+02
7.290000000000000000e+02
6.630000000000000000e+02
1.122000000000000000e+03
1.466000000000000000e+03
1.363000000000000000e+03
1.340000000000000000e+02
9.480000000000000000e+02
6.660000000000000000e+02
8.810000000000000000e+02
1.390000000000000000e+02
1.279000000000000000e+03
6.440000000000000000e+02
7.280000000000000000e+02
1.378000000000000000e+03
1.308000000000000000e+03
9.950000000000000000e+02
1.410000000000000000e+03
1.230000000000000000e+02
1.565000000000000000e+03
2.050000000000000000e+02
1.292000000000000000e+03
3.630000000000000000e+02
6.320000000000000000e+02
1.330000000000000000e+02
1.401000000000000000e+03
7.780000000000000000e+02
1.538000000000000000e+03
1.589000000000000000e+03
1.519000000000000000e+03
2.250000000000000000e+02
9.820000000000000000e+02
1.060000000000000000e+03
1.260000000000000000e+02
1.474000000000000000e+03
1.423000000000000000e+03
1.506000000000000000e+03
6.190000000000000000e+02
6.010000000000000000e+02
1.062000000000000000e+03
1.426000000000000000e+03
