1.484000000000000000e+03
7.460000000000000000e+02
9.800000000000000000e+01
8.140000000000000000e+02
6.530000000000000000e+02
1.601000000000000000e+03
1.459000000000000000e+03
9.340000000000000000e+02
8.660000000000000000e+02
5.300000000000000000e+01
1.552000000000000000e+03
4.090000000000000000e+02
5.580000000000000000e+02
1.490000000000000000e+03
1.284000000000000000e+03
6.880000000000000000e+02
9.700000000000000000e+02
7.590000000000000000e+02
8.540000000000000000e+02
1.555000000000000000e+03
1.206000000000000000e+03
3.040000000000000000e+02
4.930000000000000000e+02
9.650000000000000000e+02
1.265000000000000000e+03
1.270000000000000000e+03
1.090000000000000000e+02
1.041000000000000000e+03
1.022000000000000000e+03
1.100000000000000000e+02
4.070000000000000000e+02
1.101000000000000000e+03
9.330000000000000000e+02
5.500000000000000000e+01
5.000000000000000000e+00
1.628000000000000000e+03
9.790000000000000000e+02
3.120000000000000000e+02
4.920000000000000000e+02
1.090000000000000000e+03
1.190000000000000000e+02
1.446000000000000000e+03
5.800000000000000000e+02
1.300000000000000000e+02
7.580000000000000000e+02
6.000000000000000000e+00
1.330000000000000000e+02
3.400000000000000000e+01
8.480000000000000000e+02
1.200000000000000000e+01
7.740000000000000000e+02
6.750000000000000000e+02
3.400000000000000000e+02
2.900000000000000000e+01
2.740000000000000000e+02
1.750000000000000000e+02
9.760000000000000000e+02
8.080000000000000000e+02
2.050000000000000000e+02
6.280000000000000000e+02
7.700000000000000000e+02
4.450000000000000000e+02
2.260000000000000000e+02
4.810000000000000000e+02
3.180000000000000000e+02
9.000000000000000000e+01
8.530000000000000000e+02
1.660000000000000000e+02
3.730000000000000000e+02
1.355000000000000000e+03
2.570000000000000000e+02
3.920000000000000000e+02
2.650000000000000000e+02
2.690000000000000000e+02
1.144000000000000000e+03
1.599000000000000000e+03
4.640000000000000000e+02
1.309000000000000000e+03
4.870000000000000000e+02
1.428000000000000000e+03
1.189000000000000000e+03
1.586000000000000000e+03
1.228000000000000000e+03
5.310000000000000000e+02
2.270000000000000000e+02
8.090000000000000000e+02
1.463000000000000000e+03
1.508000000000000000e+03
2.620000000000000000e+02
1.168000000000000000e+03
8.150000000000000000e+02
1.152000000000000000e+03
1.397000000000000000e+03
5.500000000000000000e+02
1.550000000000000000e+02
7.640000000000000000e+02
1.389000000000000000e+03
9.070000000000000000e+02
1.320000000000000000e+03
1.426000000000000000e+03
4.270000000000000000e+02
6.450000000000000000e+02
5.600000000000000000e+02
2.450000000000000000e+02
8.380000000000000000e+02
3.050000000000000000e+02
3.810000000000000000e+02
6.300000000000000000e+01
2.390000000000000000e+02
8.240000000000000000e+02
7.910000000000000000e+02
8.040000000000000000e+02
7.920000000000000000e+02
1.287000000000000000e+03
1.000000000000000000e+01
4.360000000000000000e+02
3.950000000000000000e+02
2.350000000000000000e+02
1.036000000000000000e+03
1.311000000000000000e+03
1.313000000000000000e+03
3.770000000000000000e+02
1.024000000000000000e+03
1.412000000000000000e+03
1.613000000000000000e+03
1.496000000000000000e+03
5.520000000000000000e+02
1.229000000000000000e+03
1.498000000000000000e+03
1.329000000000000000e+03
1.467000000000000000e+03
1.045000000000000000e+03
1.630000000000000000e+03
7.930000000000000000e+02
8.370000000000000000e+02
7.260000000000000000e+02
1.685000000000000000e+03
1.692000000000000000e+03
1.404000000000000000e+03
1.660000000000000000e+03
1.394000000000000000e+03
5.330000000000000000e+02
1.005000000000000000e+03
6.000000000000000000e+02
2.340000000000000000e+02
3.650000000000000000e+02
5.670000000000000000e+02
7.040000000000000000e+02
2.140000000000000000e+02
6.270000000000000000e+02
8.870000000000000000e+02
6.590000000000000000e+02
1.285000000000000000e+03
7.220000000000000000e+02
1.352000000000000000e+03
1.900000000000000000e+02
2.380000000000000000e+02
5.610000000000000000e+02
1.279000000000000000e+03
6.840000000000000000e+02
1.585000000000000000e+03
1.495000000000000000e+03
7.060000000000000000e+02
1.679000000000000000e+03
1.368000000000000000e+03
1.322000000000000000e+03
1.303000000000000000e+03
1.091000000000000000e+03
5.020000000000000000e+02
1.100000000000000000e+01
3.710000000000000000e+02
3.690000000000000000e+02
1.349000000000000000e+03
1.705000000000000000e+03
1.390000000000000000e+03
1.686000000000000000e+03
2.640000000000000000e+02
0.000000000000000000e+00
6.680000000000000000e+02
7.480000000000000000e+02
6.320000000000000000e+02
4.560000000000000000e+02
8.850000000000000000e+02
1.312000000000000000e+03
3.610000000000000000e+02
5.820000000000000000e+02
3.480000000000000000e+02
3.240000000000000000e+02
1.097000000000000000e+03
1.092000000000000000e+03
8.020000000000000000e+02
8.390000000000000000e+02
1.400000000000000000e+02
3.260000000000000000e+02
3.930000000000000000e+02
7.890000000000000000e+02
1.193000000000000000e+03
4.900000000000000000e+01
7.410000000000000000e+02
8.600000000000000000e+01
