1.123000000000000000e+03
4.780000000000000000e+02
2.430000000000000000e+02
9.770000000000000000e+02
9.300000000000000000e+01
1.425000000000000000e+03
3.676000000000000000e+03
7.930000000000000000e+02
9.940000000000000000e+02
4.386000000000000000e+03
1.670000000000000000e+02
4.915000000000000000e+03
1.328000000000000000e+03
4.850000000000000000e+03
1.359000000000000000e+03
9.620000000000000000e+02
2.129000000000000000e+03
3.620000000000000000e+02
2.802000000000000000e+03
4.358000000000000000e+03
4.040000000000000000e+02
1.505000000000000000e+03
4.100000000000000000e+01
2.330000000000000000e+03
1.006000000000000000e+03
4.041000000000000000e+03
2.822000000000000000e+03
2.452000000000000000e+03
3.425000000000000000e+03
3.353000000000000000e+03
1.952000000000000000e+03
1.676000000000000000e+03
4.010000000000000000e+03
2.842000000000000000e+03
1.506000000000000000e+03
1.197000000000000000e+03
2.388000000000000000e+03
1.050000000000000000e+02
1.601000000000000000e+03
9.270000000000000000e+02
1.230000000000000000e+02
1.366000000000000000e+03
1.889000000000000000e+03
1.545000000000000000e+03
2.131000000000000000e+03
2.268000000000000000e+03
4.293000000000000000e+03
4.834000000000000000e+03
3.206000000000000000e+03
1.299000000000000000e+03
3.870000000000000000e+02
2.590000000000000000e+03
9.800000000000000000e+01
6.900000000000000000e+02
1.307000000000000000e+03
1.813000000000000000e+03
2.493000000000000000e+03
2.390000000000000000e+02
3.728000000000000000e+03
2.660000000000000000e+02
4.735000000000000000e+03
9.810000000000000000e+02
4.080000000000000000e+03
3.706000000000000000e+03
2.150000000000000000e+02
3.404000000000000000e+03
3.558000000000000000e+03
8.720000000000000000e+02
3.626000000000000000e+03
1.723000000000000000e+03
1.058000000000000000e+03
3.152000000000000000e+03
3.110000000000000000e+02
1.330000000000000000e+03
1.622000000000000000e+03
1.607000000000000000e+03
3.523000000000000000e+03
2.787000000000000000e+03
4.700000000000000000e+02
1.866000000000000000e+03
4.442000000000000000e+03
3.600000000000000000e+02
2.469000000000000000e+03
4.000000000000000000e+03
4.557000000000000000e+03
2.290000000000000000e+02
3.950000000000000000e+02
2.278000000000000000e+03
4.112000000000000000e+03
5.540000000000000000e+02
3.522000000000000000e+03
1.572000000000000000e+03
1.549000000000000000e+03
2.287000000000000000e+03
5.900000000000000000e+01
1.469000000000000000e+03
3.890000000000000000e+02
3.541000000000000000e+03
3.663000000000000000e+03
1.068000000000000000e+03
1.283000000000000000e+03
2.880000000000000000e+03
1.214000000000000000e+03
1.056000000000000000e+03
3.480000000000000000e+02
3.801000000000000000e+03
2.746000000000000000e+03
4.260000000000000000e+03
4.212000000000000000e+03
1.062000000000000000e+03
2.091000000000000000e+03
9.890000000000000000e+02
9.790000000000000000e+02
1.142000000000000000e+03
1.100000000000000000e+03
9.200000000000000000e+02
4.858000000000000000e+03
1.410000000000000000e+02
1.077000000000000000e+03
4.882000000000000000e+03
1.340000000000000000e+02
3.070000000000000000e+03
4.670000000000000000e+03
3.334000000000000000e+03
3.668000000000000000e+03
3.180000000000000000e+03
3.040000000000000000e+02
2.978000000000000000e+03
3.560000000000000000e+03
4.919000000000000000e+03
3.996000000000000000e+03
1.095000000000000000e+03
1.258000000000000000e+03
4.439000000000000000e+03
3.455000000000000000e+03
2.192000000000000000e+03
2.890000000000000000e+02
2.936000000000000000e+03
1.176000000000000000e+03
4.088000000000000000e+03
1.982000000000000000e+03
1.022000000000000000e+03
1.021000000000000000e+03
4.577000000000000000e+03
4.183000000000000000e+03
9.530000000000000000e+02
2.290000000000000000e+03
1.134000000000000000e+03
3.105000000000000000e+03
3.607000000000000000e+03
2.740000000000000000e+02
1.147000000000000000e+03
1.120000000000000000e+03
3.639000000000000000e+03
3.773000000000000000e+03
1.085000000000000000e+03
3.429000000000000000e+03
1.354000000000000000e+03
1.200000000000000000e+02
2.021000000000000000e+03
1.200000000000000000e+01
1.239000000000000000e+03
1.053000000000000000e+03
1.018000000000000000e+03
1.355000000000000000e+03
4.543000000000000000e+03
3.778000000000000000e+03
4.509000000000000000e+03
4.309000000000000000e+03
1.213000000000000000e+03
4.799000000000000000e+03
9.710000000000000000e+02
4.908000000000000000e+03
9.470000000000000000e+02
3.934000000000000000e+03
1.071000000000000000e+03
3.901000000000000000e+03
1.754000000000000000e+03
3.602000000000000000e+03
3.567000000000000000e+03
1.101000000000000000e+03
9.570000000000000000e+02
1.316000000000000000e+03
3.124000000000000000e+03
3.495000000000000000e+03
2.610000000000000000e+02
1.150000000000000000e+02
1.215000000000000000e+03
3.112000000000000000e+03
2.196000000000000000e+03
3.190000000000000000e+03
1.318000000000000000e+03
3.995000000000000000e+03
3.503000000000000000e+03
6.980000000000000000e+02
4.649000000000000000e+03
4.820000000000000000e+02
4.168000000000000000e+03
4.177000000000000000e+03
3.450000000000000000e+03
1.846000000000000000e+03
3.597000000000000000e+03
4.132000000000000000e+03
3.272000000000000000e+03
3.715000000000000000e+03
3.500000000000000000e+01
4.378000000000000000e+03
4.643000000000000000e+03
2.671000000000000000e+03
3.861000000000000000e+03
1.935000000000000000e+03
2.569000000000000000e+03
1.038000000000000000e+03
2.776000000000000000e+03
1.822000000000000000e+03
2.789000000000000000e+03
2.205000000000000000e+03
2.557000000000000000e+03
2.234000000000000000e+03
8.550000000000000000e+02
1.313000000000000000e+03
1.498000000000000000e+03
3.979000000000000000e+03
4.033000000000000000e+03
3.763000000000000000e+03
4.188000000000000000e+03
1.091000000000000000e+03
1.326000000000000000e+03
3.196000000000000000e+03
1.985000000000000000e+03
6.630000000000000000e+02
3.757000000000000000e+03
4.733000000000000000e+03
4.176000000000000000e+03
1.900000000000000000e+01
7.960000000000000000e+02
2.572000000000000000e+03
2.363000000000000000e+03
2.152000000000000000e+03
4.167000000000000000e+03
7.950000000000000000e+02
2.696000000000000000e+03
2.442000000000000000e+03
3.871000000000000000e+03
2.641000000000000000e+03
8.770000000000000000e+02
3.050000000000000000e+02
4.040000000000000000e+03
4.019000000000000000e+03
5.910000000000000000e+02
6.720000000000000000e+02
8.300000000000000000e+02
3.623000000000000000e+03
3.170000000000000000e+02
2.157000000000000000e+03
1.684000000000000000e+03
2.820000000000000000e+03
5.610000000000000000e+02
4.064000000000000000e+03
4.680000000000000000e+03
1.109000000000000000e+03
3.448000000000000000e+03
2.870000000000000000e+02
3.420000000000000000e+03
2.887000000000000000e+03
1.659000000000000000e+03
2.068000000000000000e+03
3.192000000000000000e+03
2.274000000000000000e+03
4.900000000000000000e+02
3.366000000000000000e+03
2.083000000000000000e+03
3.085000000000000000e+03
2.621000000000000000e+03
1.746000000000000000e+03
2.616000000000000000e+03
4.206000000000000000e+03
4.280000000000000000e+02
2.304000000000000000e+03
3.438000000000000000e+03
3.717000000000000000e+03
8.670000000000000000e+02
4.219000000000000000e+03
4.641000000000000000e+03
4.304000000000000000e+03
5.630000000000000000e+02
7.190000000000000000e+02
2.712000000000000000e+03
4.900000000000000000e+01
1.000000000000000000e+01
4.275000000000000000e+03
4.722000000000000000e+03
4.115000000000000000e+03
4.541000000000000000e+03
1.334000000000000000e+03
3.255000000000000000e+03
4.715000000000000000e+03
4.619000000000000000e+03
3.700000000000000000e+02
5.300000000000000000e+01
1.837000000000000000e+03
3.539000000000000000e+03
3.405000000000000000e+03
4.153000000000000000e+03
3.691000000000000000e+03
3.630000000000000000e+03
1.945000000000000000e+03
3.501000000000000000e+03
4.100000000000000000e+02
4.502000000000000000e+03
4.653000000000000000e+03
3.493000000000000000e+03
4.494000000000000000e+03
3.525000000000000000e+03
4.052000000000000000e+03
4.361000000000000000e+03
2.249000000000000000e+03
2.487000000000000000e+03
2.849000000000000000e+03
1.151000000000000000e+03
4.437000000000000000e+03
3.701000000000000000e+03
2.374000000000000000e+03
4.194000000000000000e+03
2.112000000000000000e+03
3.497000000000000000e+03
3.741000000000000000e+03
3.910000000000000000e+03
3.919000000000000000e+03
4.264000000000000000e+03
4.855000000000000000e+03
4.773000000000000000e+03
2.148000000000000000e+03
2.133000000000000000e+03
4.711000000000000000e+03
3.829000000000000000e+03
3.482000000000000000e+03
4.624000000000000000e+03
4.894000000000000000e+03
2.115000000000000000e+03
3.735000000000000000e+03
1.196000000000000000e+03
3.072000000000000000e+03
4.600000000000000000e+01
1.998000000000000000e+03
4.652000000000000000e+03
4.083000000000000000e+03
2.832000000000000000e+03
4.184000000000000000e+03
3.705000000000000000e+03
2.968000000000000000e+03
2.253000000000000000e+03
1.000000000000000000e+02
3.853000000000000000e+03
2.220000000000000000e+03
3.810000000000000000e+03
4.575000000000000000e+03
4.240000000000000000e+02
4.105000000000000000e+03
3.760000000000000000e+02
6.500000000000000000e+01
4.709000000000000000e+03
4.576000000000000000e+03
4.605000000000000000e+03
3.409000000000000000e+03
2.440000000000000000e+02
7.870000000000000000e+02
2.113000000000000000e+03
2.684000000000000000e+03
4.472000000000000000e+03
2.637000000000000000e+03
2.250000000000000000e+03
3.618000000000000000e+03
2.864000000000000000e+03
4.030000000000000000e+02
2.240000000000000000e+03
2.490000000000000000e+03
2.780000000000000000e+03
3.212000000000000000e+03
3.762000000000000000e+03
1.838000000000000000e+03
4.068000000000000000e+03
2.043000000000000000e+03
1.913000000000000000e+03
2.233000000000000000e+03
4.510000000000000000e+02
2.414000000000000000e+03
1.923000000000000000e+03
3.744000000000000000e+03
3.442000000000000000e+03
1.777000000000000000e+03
4.078000000000000000e+03
1.906000000000000000e+03
2.179000000000000000e+03
9.390000000000000000e+02
3.513000000000000000e+03
4.876000000000000000e+03
2.231000000000000000e+03
1.862000000000000000e+03
9.100000000000000000e+01
2.913000000000000000e+03
1.937000000000000000e+03
2.405000000000000000e+03
2.500000000000000000e+02
4.213000000000000000e+03
4.425000000000000000e+03
3.161000000000000000e+03
1.896000000000000000e+03
2.323000000000000000e+03
3.038000000000000000e+03
4.511000000000000000e+03
6.330000000000000000e+02
3.534000000000000000e+03
2.331000000000000000e+03
4.787000000000000000e+03
4.053000000000000000e+03
4.622000000000000000e+03
3.089000000000000000e+03
3.000000000000000000e+02
2.601000000000000000e+03
4.609000000000000000e+03
3.026000000000000000e+03
1.500000000000000000e+02
3.983000000000000000e+03
1.557000000000000000e+03
2.437000000000000000e+03
4.185000000000000000e+03
4.390000000000000000e+03
3.920000000000000000e+03
3.198000000000000000e+03
4.745000000000000000e+03
9.120000000000000000e+02
3.325000000000000000e+03
1.895000000000000000e+03
3.200000000000000000e+01
1.965000000000000000e+03
3.437000000000000000e+03
3.476000000000000000e+03
1.039000000000000000e+03
1.360000000000000000e+02
2.232000000000000000e+03
3.867000000000000000e+03
3.890000000000000000e+03
4.844000000000000000e+03
4.262000000000000000e+03
2.860000000000000000e+03
3.822000000000000000e+03
2.434000000000000000e+03
4.283000000000000000e+03
8.090000000000000000e+02
4.113000000000000000e+03
4.011000000000000000e+03
4.440000000000000000e+03
1.640000000000000000e+02
8.700000000000000000e+01
4.871000000000000000e+03
4.043000000000000000e+03
5.400000000000000000e+01
1.395000000000000000e+03
4.216000000000000000e+03
4.330000000000000000e+02
1.330000000000000000e+02
2.028000000000000000e+03
4.830000000000000000e+03
3.553000000000000000e+03
7.590000000000000000e+02
1.909000000000000000e+03
4.059000000000000000e+03
3.612000000000000000e+03
3.537000000000000000e+03
1.840000000000000000e+03
2.271000000000000000e+03
2.680000000000000000e+03
4.710000000000000000e+02
6.220000000000000000e+02
9.110000000000000000e+02
4.390000000000000000e+02
1.380000000000000000e+03
3.632000000000000000e+03
2.279000000000000000e+03
1.872000000000000000e+03
3.012000000000000000e+03
3.610000000000000000e+03
4.368000000000000000e+03
7.440000000000000000e+02
3.430000000000000000e+02
4.763000000000000000e+03
2.685000000000000000e+03
1.070000000000000000e+02
3.498000000000000000e+03
3.555000000000000000e+03
2.070000000000000000e+03
6.100000000000000000e+01
4.240000000000000000e+03
2.086000000000000000e+03
3.710000000000000000e+02
3.445000000000000000e+03
4.406000000000000000e+03
3.969000000000000000e+03
4.230000000000000000e+03
4.243000000000000000e+03
7.160000000000000000e+02
3.569000000000000000e+03
3.931000000000000000e+03
2.177000000000000000e+03
4.392000000000000000e+03
2.543000000000000000e+03
4.555000000000000000e+03
1.507000000000000000e+03
7.970000000000000000e+02
2.664000000000000000e+03
1.960000000000000000e+03
3.451000000000000000e+03
4.032000000000000000e+03
3.370000000000000000e+03
4.621000000000000000e+03
2.128000000000000000e+03
3.043000000000000000e+03
4.416000000000000000e+03
4.054000000000000000e+03
1.686000000000000000e+03
2.658000000000000000e+03
3.472000000000000000e+03
3.786000000000000000e+03
2.050000000000000000e+02
2.170000000000000000e+02
3.487000000000000000e+03
3.586000000000000000e+03
2.267000000000000000e+03
3.647000000000000000e+03
1.975000000000000000e+03
1.126000000000000000e+03
1.384000000000000000e+03
3.697000000000000000e+03
2.063000000000000000e+03
3.204000000000000000e+03
4.836000000000000000e+03
2.200000000000000000e+03
1.160000000000000000e+02
4.672000000000000000e+03
2.922000000000000000e+03
1.903000000000000000e+03
4.350000000000000000e+02
4.161000000000000000e+03
3.993000000000000000e+03
2.246000000000000000e+03
4.704000000000000000e+03
3.383000000000000000e+03
3.080000000000000000e+03
4.263000000000000000e+03
4.199000000000000000e+03
2.041000000000000000e+03
1.327000000000000000e+03
1.373000000000000000e+03
1.490000000000000000e+03
2.236000000000000000e+03
3.432000000000000000e+03
3.875000000000000000e+03
2.180000000000000000e+03
2.312000000000000000e+03
3.839000000000000000e+03
2.288000000000000000e+03
4.801000000000000000e+03
1.015000000000000000e+03
1.140000000000000000e+02
3.878000000000000000e+03
6.730000000000000000e+02
3.920000000000000000e+02
3.235000000000000000e+03
1.972000000000000000e+03
8.140000000000000000e+02
3.978000000000000000e+03
2.276000000000000000e+03
1.999000000000000000e+03
2.451000000000000000e+03
9.750000000000000000e+02
4.644000000000000000e+03
3.312000000000000000e+03
1.839000000000000000e+03
2.602000000000000000e+03
4.133000000000000000e+03
2.015000000000000000e+03
3.917000000000000000e+03
1.915000000000000000e+03
2.932000000000000000e+03
4.805000000000000000e+03
3.749000000000000000e+03
2.100000000000000000e+03
4.917000000000000000e+03
2.804000000000000000e+03
4.248000000000000000e+03
3.827000000000000000e+03
4.478000000000000000e+03
9.300000000000000000e+02
4.070000000000000000e+02
3.220000000000000000e+02
2.295000000000000000e+03
4.707000000000000000e+03
3.033000000000000000e+03
4.602000000000000000e+03
2.371000000000000000e+03
3.566000000000000000e+03
2.326000000000000000e+03
4.269000000000000000e+03
2.163000000000000000e+03
1.835000000000000000e+03
3.665000000000000000e+03
3.677000000000000000e+03
4.581000000000000000e+03
4.340000000000000000e+02
4.057000000000000000e+03
9.060000000000000000e+02
4.081000000000000000e+03
4.407000000000000000e+03
4.443000000000000000e+03
2.273000000000000000e+03
4.888000000000000000e+03
1.204000000000000000e+03
4.590000000000000000e+03
2.874000000000000000e+03
2.647000000000000000e+03
3.738000000000000000e+03
4.253000000000000000e+03
7.710000000000000000e+02
1.426000000000000000e+03
2.361000000000000000e+03
3.584000000000000000e+03
2.055000000000000000e+03
3.603000000000000000e+03
2.607000000000000000e+03
6.290000000000000000e+02
4.980000000000000000e+02
1.970000000000000000e+02
4.606000000000000000e+03
3.011000000000000000e+03
3.689000000000000000e+03
4.337000000000000000e+03
4.355000000000000000e+03
1.440000000000000000e+02
3.269000000000000000e+03
7.730000000000000000e+02
1.266000000000000000e+03
1.667000000000000000e+03
7.210000000000000000e+02
3.605000000000000000e+03
2.256000000000000000e+03
4.182000000000000000e+03
3.508000000000000000e+03
2.050000000000000000e+03
4.828000000000000000e+03
1.630000000000000000e+03
4.608000000000000000e+03
2.729000000000000000e+03
3.859000000000000000e+03
4.441000000000000000e+03
2.933000000000000000e+03
4.090000000000000000e+02
4.668000000000000000e+03
5.900000000000000000e+02
1.275000000000000000e+03
2.259000000000000000e+03
1.981000000000000000e+03
3.556000000000000000e+03
7.920000000000000000e+02
4.574000000000000000e+03
9.690000000000000000e+02
4.374000000000000000e+03
2.047000000000000000e+03
2.008000000000000000e+03
4.604000000000000000e+03
4.496000000000000000e+03
3.014000000000000000e+03
4.427000000000000000e+03
2.912000000000000000e+03
1.260000000000000000e+02
3.672000000000000000e+03
1.971000000000000000e+03
4.305000000000000000e+03
5.700000000000000000e+01
4.249000000000000000e+03
4.515000000000000000e+03
2.902000000000000000e+03
1.892000000000000000e+03
3.436000000000000000e+03
4.352000000000000000e+03
2.137000000000000000e+03
3.045000000000000000e+03
3.544000000000000000e+03
2.356000000000000000e+03
3.962000000000000000e+03
4.072000000000000000e+03
2.426000000000000000e+03
4.824000000000000000e+03
4.271000000000000000e+03
6.120000000000000000e+02
4.642000000000000000e+03
3.456000000000000000e+03
4.759000000000000000e+03
3.267000000000000000e+03
4.291000000000000000e+03
4.495000000000000000e+03
2.033000000000000000e+03
3.858000000000000000e+03
4.290000000000000000e+03
3.821000000000000000e+03
3.490000000000000000e+03
4.073000000000000000e+03
2.228000000000000000e+03
1.353000000000000000e+03
1.145000000000000000e+03
2.165000000000000000e+03
2.260000000000000000e+03
2.037000000000000000e+03
1.870000000000000000e+03
4.779000000000000000e+03
2.214000000000000000e+03
3.800000000000000000e+03
9.450000000000000000e+02
3.797000000000000000e+03
1.533000000000000000e+03
4.764000000000000000e+03
4.552000000000000000e+03
1.753000000000000000e+03
2.841000000000000000e+03
4.276000000000000000e+03
1.261000000000000000e+03
2.244000000000000000e+03
4.273000000000000000e+03
1.270000000000000000e+02
4.050000000000000000e+03
3.883000000000000000e+03
4.421000000000000000e+03
2.909000000000000000e+03
3.835000000000000000e+03
4.839000000000000000e+03
4.000000000000000000e+01
3.845000000000000000e+03
9.460000000000000000e+02
3.520000000000000000e+03
4.603000000000000000e+03
2.350000000000000000e+03
4.210000000000000000e+03
4.542000000000000000e+03
3.491000000000000000e+03
3.561000000000000000e+03
1.912000000000000000e+03
2.239000000000000000e+03
4.360000000000000000e+02
3.583000000000000000e+03
3.454000000000000000e+03
4.869000000000000000e+03
4.504000000000000000e+03
2.073000000000000000e+03
3.631000000000000000e+03
4.873000000000000000e+03
4.173000000000000000e+03
3.530000000000000000e+03
4.351000000000000000e+03
3.629000000000000000e+03
9.920000000000000000e+02
2.282000000000000000e+03
4.910000000000000000e+03
4.367000000000000000e+03
3.929000000000000000e+03
2.104000000000000000e+03
2.017000000000000000e+03
8.400000000000000000e+02
1.852000000000000000e+03
2.261000000000000000e+03
4.399000000000000000e+03
9.090000000000000000e+02
4.559000000000000000e+03
1.807000000000000000e+03
3.940000000000000000e+03
3.313000000000000000e+03
1.463000000000000000e+03
5.200000000000000000e+01
4.499000000000000000e+03
4.128000000000000000e+03
3.950000000000000000e+03
4.448000000000000000e+03
4.397000000000000000e+03
9.490000000000000000e+02
4.251000000000000000e+03
8.000000000000000000e+00
1.888000000000000000e+03
1.831000000000000000e+03
1.351000000000000000e+03
4.224000000000000000e+03
4.746000000000000000e+03
3.489000000000000000e+03
3.540000000000000000e+03
1.946000000000000000e+03
3.499000000000000000e+03
8.760000000000000000e+02
8.500000000000000000e+01
4.066000000000000000e+03
4.091000000000000000e+03
2.474000000000000000e+03
1.162000000000000000e+03
2.905000000000000000e+03
3.813000000000000000e+03
4.360000000000000000e+03
3.384000000000000000e+03
4.857000000000000000e+03
2.266000000000000000e+03
3.486000000000000000e+03
3.776000000000000000e+03
2.324000000000000000e+03
3.410000000000000000e+02
3.781000000000000000e+03
3.234000000000000000e+03
4.362000000000000000e+03
2.182000000000000000e+03
4.561000000000000000e+03
1.377000000000000000e+03
2.693000000000000000e+03
2.903000000000000000e+03
3.680000000000000000e+03
4.582000000000000000e+03
1.804000000000000000e+03
1.797000000000000000e+03
4.666000000000000000e+03
2.030000000000000000e+02
3.535000000000000000e+03
3.635000000000000000e+03
1.082000000000000000e+03
5.330000000000000000e+02
4.870000000000000000e+02
3.800000000000000000e+02
2.404000000000000000e+03
2.389000000000000000e+03
2.625000000000000000e+03
3.207000000000000000e+03
4.771000000000000000e+03
3.100000000000000000e+03
3.895000000000000000e+03
2.497000000000000000e+03
1.399000000000000000e+03
2.504000000000000000e+03
3.874000000000000000e+03
4.741000000000000000e+03
4.258000000000000000e+03
1.842000000000000000e+03
4.020000000000000000e+03
4.021000000000000000e+03
5.440000000000000000e+02
1.868000000000000000e+03
4.138000000000000000e+03
4.890000000000000000e+03
3.527000000000000000e+03
8.650000000000000000e+02
4.419000000000000000e+03
3.340000000000000000e+03
2.458000000000000000e+03
1.228000000000000000e+03
3.297000000000000000e+03
3.922000000000000000e+03
3.956000000000000000e+03
4.693000000000000000e+03
1.207000000000000000e+03
1.393000000000000000e+03
1.361000000000000000e+03
3.270000000000000000e+02
3.240000000000000000e+02
3.965000000000000000e+03
1.340000000000000000e+03
4.456000000000000000e+03
1.020000000000000000e+03
3.359000000000000000e+03
4.548000000000000000e+03
3.682000000000000000e+03
3.369000000000000000e+03
3.967000000000000000e+03
7.150000000000000000e+02
3.399000000000000000e+03
3.617000000000000000e+03
9.310000000000000000e+02
1.372000000000000000e+03
3.576000000000000000e+03
2.837000000000000000e+03
4.120000000000000000e+02
8.100000000000000000e+02
3.424000000000000000e+03
1.992000000000000000e+03
4.769000000000000000e+03
7.680000000000000000e+02
1.241000000000000000e+03
2.888000000000000000e+03
1.654000000000000000e+03
3.684000000000000000e+03
3.770000000000000000e+02
2.076000000000000000e+03
1.267000000000000000e+03
1.392000000000000000e+03
3.670000000000000000e+02
4.572000000000000000e+03
3.110000000000000000e+03
1.947000000000000000e+03
3.155000000000000000e+03
3.563000000000000000e+03
2.354000000000000000e+03
4.415000000000000000e+03
2.409000000000000000e+03
4.391000000000000000e+03
3.473000000000000000e+03
2.447000000000000000e+03
2.122000000000000000e+03
8.700000000000000000e+02
6.820000000000000000e+02
4.109000000000000000e+03
1.303000000000000000e+03
1.713000000000000000e+03
3.823000000000000000e+03
1.694000000000000000e+03
5.260000000000000000e+02
2.048000000000000000e+03
4.739000000000000000e+03
0.000000000000000000e+00
4.438000000000000000e+03
1.248000000000000000e+03
4.294000000000000000e+03
1.418000000000000000e+03
9.540000000000000000e+02
1.336000000000000000e+03
3.865000000000000000e+03
1.013000000000000000e+03
3.730000000000000000e+03
6.110000000000000000e+02
4.498000000000000000e+03
2.900000000000000000e+03
3.190000000000000000e+02
3.129000000000000000e+03
5.980000000000000000e+02
1.825000000000000000e+03
2.467000000000000000e+03
2.369000000000000000e+03
4.519000000000000000e+03
1.742000000000000000e+03
1.747000000000000000e+03
2.828000000000000000e+03
4.540000000000000000e+02
4.487000000000000000e+03
4.158000000000000000e+03
1.553000000000000000e+03
7.860000000000000000e+02
8.900000000000000000e+02
1.851000000000000000e+03
5.120000000000000000e+02
4.237000000000000000e+03
9.080000000000000000e+02
2.984000000000000000e+03
2.895000000000000000e+03
4.907000000000000000e+03
1.759000000000000000e+03
1.430000000000000000e+03
2.785000000000000000e+03
4.227000000000000000e+03
3.020000000000000000e+02
3.616000000000000000e+03
