4.780000000000000000e+02
1.524000000000000000e+03
1.617000000000000000e+03
3.814000000000000000e+03
6.980000000000000000e+02
2.229000000000000000e+03
4.100000000000000000e+01
3.419000000000000000e+03
6.740000000000000000e+02
1.014000000000000000e+03
3.389000000000000000e+03
4.850000000000000000e+03
3.618000000000000000e+03
4.442000000000000000e+03
3.818000000000000000e+03
1.937000000000000000e+03
4.477000000000000000e+03
4.194000000000000000e+03
1.242000000000000000e+03
1.263000000000000000e+03
4.306000000000000000e+03
2.180000000000000000e+03
4.130000000000000000e+03
4.602000000000000000e+03
1.002000000000000000e+03
3.208000000000000000e+03
1.723000000000000000e+03
4.112000000000000000e+03
9.560000000000000000e+02
4.010000000000000000e+03
2.127000000000000000e+03
2.582000000000000000e+03
1.691000000000000000e+03
3.302000000000000000e+03
3.512000000000000000e+03
2.320000000000000000e+02
4.509000000000000000e+03
1.923000000000000000e+03
2.298000000000000000e+03
3.367000000000000000e+03
4.563000000000000000e+03
3.171000000000000000e+03
1.480000000000000000e+02
1.940000000000000000e+02
2.611000000000000000e+03
3.411000000000000000e+03
1.256000000000000000e+03
4.878000000000000000e+03
1.012000000000000000e+03
2.255000000000000000e+03
9.100000000000000000e+02
4.168000000000000000e+03
3.600000000000000000e+02
4.063000000000000000e+03
4.000000000000000000e+00
3.134000000000000000e+03
1.572000000000000000e+03
1.825000000000000000e+03
1.642000000000000000e+03
1.285000000000000000e+03
1.197000000000000000e+03
3.848000000000000000e+03
1.741000000000000000e+03
4.199000000000000000e+03
4.307000000000000000e+03
4.785000000000000000e+03
2.605000000000000000e+03
1.737000000000000000e+03
4.218000000000000000e+03
1.373000000000000000e+03
4.166000000000000000e+03
3.018000000000000000e+03
1.006000000000000000e+03
1.484000000000000000e+03
2.047000000000000000e+03
8.890000000000000000e+02
2.994000000000000000e+03
2.168000000000000000e+03
1.781000000000000000e+03
4.230000000000000000e+02
1.872000000000000000e+03
4.577000000000000000e+03
4.320000000000000000e+03
4.189000000000000000e+03
3.035000000000000000e+03
2.879000000000000000e+03
4.730000000000000000e+03
4.615000000000000000e+03
3.996000000000000000e+03
3.230000000000000000e+03
1.123000000000000000e+03
3.833000000000000000e+03
4.657000000000000000e+03
3.092000000000000000e+03
4.121000000000000000e+03
5.200000000000000000e+02
4.605000000000000000e+03
7.730000000000000000e+02
3.821000000000000000e+03
1.175000000000000000e+03
1.739000000000000000e+03
4.715000000000000000e+03
4.537000000000000000e+03
4.519000000000000000e+03
3.612000000000000000e+03
3.890000000000000000e+02
1.734000000000000000e+03
1.929000000000000000e+03
1.577000000000000000e+03
1.931000000000000000e+03
1.259000000000000000e+03
4.241000000000000000e+03
4.880000000000000000e+03
1.059000000000000000e+03
3.144000000000000000e+03
4.012000000000000000e+03
2.085000000000000000e+03
4.616000000000000000e+03
2.167000000000000000e+03
4.316000000000000000e+03
2.126000000000000000e+03
4.250000000000000000e+03
4.646000000000000000e+03
4.706000000000000000e+03
1.111000000000000000e+03
9.060000000000000000e+02
4.531000000000000000e+03
4.705000000000000000e+03
1.308000000000000000e+03
1.379000000000000000e+03
4.157000000000000000e+03
3.410000000000000000e+03
3.621000000000000000e+03
4.302000000000000000e+03
2.280000000000000000e+03
3.568000000000000000e+03
4.085000000000000000e+03
3.518000000000000000e+03
4.825000000000000000e+03
4.874000000000000000e+03
4.919000000000000000e+03
1.165000000000000000e+03
3.797000000000000000e+03
3.502000000000000000e+03
1.034000000000000000e+03
3.541000000000000000e+03
3.197000000000000000e+03
2.890000000000000000e+02
3.482000000000000000e+03
9.840000000000000000e+02
4.140000000000000000e+03
1.681000000000000000e+03
4.125000000000000000e+03
1.282000000000000000e+03
4.318000000000000000e+03
9.710000000000000000e+02
2.258000000000000000e+03
3.753000000000000000e+03
4.708000000000000000e+03
3.192000000000000000e+03
3.354000000000000000e+03
3.334000000000000000e+03
1.056000000000000000e+03
1.289000000000000000e+03
1.766000000000000000e+03
2.610000000000000000e+03
1.464000000000000000e+03
1.788000000000000000e+03
4.820000000000000000e+03
2.934000000000000000e+03
4.349000000000000000e+03
2.968000000000000000e+03
2.404000000000000000e+03
3.602000000000000000e+03
4.455000000000000000e+03
5.990000000000000000e+02
1.060000000000000000e+03
7.000000000000000000e+00
1.607000000000000000e+03
2.191000000000000000e+03
1.736000000000000000e+03
4.384000000000000000e+03
3.209000000000000000e+03
1.160000000000000000e+03
3.261000000000000000e+03
4.921000000000000000e+03
3.630000000000000000e+03
4.075000000000000000e+03
2.875000000000000000e+03
1.300000000000000000e+03
4.775000000000000000e+03
4.606000000000000000e+03
4.463000000000000000e+03
8.140000000000000000e+02
3.630000000000000000e+02
4.881000000000000000e+03
3.009000000000000000e+03
1.746000000000000000e+03
2.187000000000000000e+03
1.277000000000000000e+03
1.916000000000000000e+03
3.025000000000000000e+03
1.081000000000000000e+03
3.320000000000000000e+03
4.635000000000000000e+03
3.721000000000000000e+03
2.969000000000000000e+03
2.265000000000000000e+03
4.216000000000000000e+03
4.427000000000000000e+03
2.157000000000000000e+03
3.531000000000000000e+03
4.245000000000000000e+03
1.493000000000000000e+03
3.673000000000000000e+03
4.040000000000000000e+03
1.269000000000000000e+03
1.549000000000000000e+03
1.914000000000000000e+03
3.560000000000000000e+03
4.084000000000000000e+03
4.386000000000000000e+03
7.200000000000000000e+01
4.461000000000000000e+03
1.627000000000000000e+03
1.713000000000000000e+03
3.103000000000000000e+03
3.699000000000000000e+03
7.160000000000000000e+02
3.786000000000000000e+03
2.113000000000000000e+03
2.920000000000000000e+02
3.843000000000000000e+03
2.853000000000000000e+03
2.005000000000000000e+03
2.826000000000000000e+03
1.408000000000000000e+03
4.436000000000000000e+03
1.020000000000000000e+03
3.919000000000000000e+03
2.956000000000000000e+03
4.041000000000000000e+03
2.026000000000000000e+03
3.191000000000000000e+03
4.757000000000000000e+03
3.446000000000000000e+03
1.751000000000000000e+03
5.610000000000000000e+02
1.654000000000000000e+03
1.286000000000000000e+03
2.088000000000000000e+03
4.047000000000000000e+03
1.926000000000000000e+03
2.108000000000000000e+03
4.903000000000000000e+03
2.198000000000000000e+03
4.414000000000000000e+03
1.900000000000000000e+03
4.476000000000000000e+03
3.984000000000000000e+03
1.655000000000000000e+03
4.620000000000000000e+03
2.241000000000000000e+03
1.953000000000000000e+03
3.038000000000000000e+03
1.411000000000000000e+03
3.912000000000000000e+03
1.935000000000000000e+03
2.947000000000000000e+03
4.451000000000000000e+03
1.516000000000000000e+03
2.235000000000000000e+03
4.575000000000000000e+03
4.371000000000000000e+03
3.379000000000000000e+03
3.522000000000000000e+03
1.471000000000000000e+03
1.958000000000000000e+03
3.609000000000000000e+03
2.001000000000000000e+03
4.833000000000000000e+03
4.036000000000000000e+03
4.566000000000000000e+03
3.511000000000000000e+03
4.660000000000000000e+03
4.643000000000000000e+03
1.290000000000000000e+02
1.704000000000000000e+03
1.698000000000000000e+03
1.422000000000000000e+03
2.706000000000000000e+03
1.828000000000000000e+03
1.438000000000000000e+03
2.350000000000000000e+03
3.534000000000000000e+03
3.339000000000000000e+03
2.547000000000000000e+03
3.679000000000000000e+03
4.061000000000000000e+03
4.574000000000000000e+03
4.323000000000000000e+03
3.707000000000000000e+03
2.540000000000000000e+03
1.090000000000000000e+03
2.847000000000000000e+03
4.652000000000000000e+03
4.626000000000000000e+03
4.857000000000000000e+03
3.762000000000000000e+03
3.368000000000000000e+03
1.869000000000000000e+03
2.860000000000000000e+03
4.452000000000000000e+03
4.389000000000000000e+03
7.660000000000000000e+02
4.091000000000000000e+03
1.979000000000000000e+03
1.839000000000000000e+03
4.399000000000000000e+03
3.569000000000000000e+03
4.179000000000000000e+03
2.664000000000000000e+03
4.540000000000000000e+03
1.710000000000000000e+03
4.328000000000000000e+03
1.110000000000000000e+03
1.076000000000000000e+03
3.871000000000000000e+03
3.172000000000000000e+03
3.990000000000000000e+03
1.907000000000000000e+03
2.983000000000000000e+03
2.073000000000000000e+03
1.071000000000000000e+03
4.682000000000000000e+03
1.932000000000000000e+03
2.331000000000000000e+03
3.347000000000000000e+03
4.255000000000000000e+03
8.100000000000000000e+01
1.866000000000000000e+03
1.414000000000000000e+03
5.510000000000000000e+02
2.563000000000000000e+03
3.883000000000000000e+03
1.899000000000000000e+03
3.196000000000000000e+03
4.642000000000000000e+03
2.428000000000000000e+03
4.818000000000000000e+03
1.037000000000000000e+03
2.860000000000000000e+02
2.586000000000000000e+03
1.582000000000000000e+03
1.190000000000000000e+03
2.139000000000000000e+03
1.219000000000000000e+03
1.273000000000000000e+03
2.430000000000000000e+02
2.300000000000000000e+03
3.219000000000000000e+03
4.209000000000000000e+03
1.272000000000000000e+03
4.748000000000000000e+03
3.653000000000000000e+03
1.844000000000000000e+03
3.950000000000000000e+03
3.063000000000000000e+03
2.822000000000000000e+03
4.261000000000000000e+03
2.216000000000000000e+03
4.900000000000000000e+03
3.706000000000000000e+03
3.481000000000000000e+03
4.716000000000000000e+03
1.919000000000000000e+03
4.813000000000000000e+03
3.743000000000000000e+03
1.067000000000000000e+03
4.298000000000000000e+03
4.236000000000000000e+03
2.104000000000000000e+03
1.689000000000000000e+03
2.147000000000000000e+03
2.033000000000000000e+03
1.912000000000000000e+03
4.110000000000000000e+02
3.110000000000000000e+02
3.870000000000000000e+03
8.930000000000000000e+02
1.961000000000000000e+03
2.710000000000000000e+03
2.035000000000000000e+03
4.334000000000000000e+03
4.417000000000000000e+03
3.790000000000000000e+02
1.288000000000000000e+03
4.911000000000000000e+03
2.745000000000000000e+03
2.212000000000000000e+03
4.445000000000000000e+03
5.280000000000000000e+02
4.920000000000000000e+03
4.070000000000000000e+02
4.339000000000000000e+03
2.226000000000000000e+03
4.183000000000000000e+03
4.134000000000000000e+03
3.804000000000000000e+03
4.479000000000000000e+03
4.078000000000000000e+03
3.545000000000000000e+03
2.072000000000000000e+03
3.574000000000000000e+03
4.898000000000000000e+03
3.670000000000000000e+02
1.894000000000000000e+03
4.650000000000000000e+02
1.049000000000000000e+03
4.034000000000000000e+03
4.170000000000000000e+03
4.330000000000000000e+02
3.727000000000000000e+03
1.820000000000000000e+02
1.503000000000000000e+03
4.510000000000000000e+03
4.170000000000000000e+02
1.991000000000000000e+03
3.573000000000000000e+03
4.778000000000000000e+03
3.977000000000000000e+03
3.454000000000000000e+03
4.558000000000000000e+03
1.587000000000000000e+03
3.888000000000000000e+03
2.031000000000000000e+03
3.390000000000000000e+02
3.771000000000000000e+03
3.808000000000000000e+03
3.969000000000000000e+03
4.588000000000000000e+03
4.090000000000000000e+03
3.890000000000000000e+03
3.280000000000000000e+03
1.975000000000000000e+03
1.626000000000000000e+03
1.990000000000000000e+03
1.124000000000000000e+03
3.940000000000000000e+02
4.752000000000000000e+03
3.936000000000000000e+03
1.699000000000000000e+03
2.060000000000000000e+03
4.281000000000000000e+03
2.281000000000000000e+03
3.728000000000000000e+03
7.350000000000000000e+02
3.683000000000000000e+03
1.767000000000000000e+03
1.412000000000000000e+03
3.851000000000000000e+03
4.559000000000000000e+03
1.977000000000000000e+03
2.277000000000000000e+03
3.071000000000000000e+03
3.907000000000000000e+03
4.929000000000000000e+03
1.410000000000000000e+03
6.200000000000000000e+01
3.973000000000000000e+03
3.604000000000000000e+03
3.533000000000000000e+03
3.146000000000000000e+03
3.551000000000000000e+03
4.530000000000000000e+03
3.264000000000000000e+03
2.061000000000000000e+03
1.754000000000000000e+03
2.459000000000000000e+03
4.083000000000000000e+03
2.323000000000000000e+03
1.770000000000000000e+03
3.918000000000000000e+03
1.140000000000000000e+02
4.314000000000000000e+03
1.630000000000000000e+03
3.709000000000000000e+03
2.160000000000000000e+02
4.794000000000000000e+03
4.099000000000000000e+03
1.506000000000000000e+03
4.163000000000000000e+03
4.335000000000000000e+03
3.469000000000000000e+03
2.680000000000000000e+02
3.416000000000000000e+03
3.759000000000000000e+03
2.262000000000000000e+03
4.640000000000000000e+03
4.900000000000000000e+02
4.220000000000000000e+02
2.300000000000000000e+02
4.363000000000000000e+03
1.988000000000000000e+03
4.407000000000000000e+03
1.897000000000000000e+03
4.266000000000000000e+03
1.202000000000000000e+03
4.146000000000000000e+03
3.535000000000000000e+03
3.170000000000000000e+02
3.934000000000000000e+03
1.370000000000000000e+03
4.868000000000000000e+03
4.127000000000000000e+03
3.392000000000000000e+03
4.247000000000000000e+03
2.297000000000000000e+03
2.137000000000000000e+03
3.669000000000000000e+03
7.490000000000000000e+02
1.301000000000000000e+03
4.670000000000000000e+03
4.007000000000000000e+03
4.827000000000000000e+03
4.114000000000000000e+03
3.330000000000000000e+03
3.385000000000000000e+03
2.103000000000000000e+03
2.712000000000000000e+03
2.610000000000000000e+02
5.390000000000000000e+02
9.800000000000000000e+01
2.374000000000000000e+03
3.115000000000000000e+03
4.923000000000000000e+03
3.664000000000000000e+03
4.145000000000000000e+03
2.029000000000000000e+03
3.173000000000000000e+03
4.064000000000000000e+03
2.284000000000000000e+03
3.687000000000000000e+03
9.370000000000000000e+02
1.600000000000000000e+02
1.888000000000000000e+03
9.730000000000000000e+02
2.200000000000000000e+02
3.521000000000000000e+03
3.998000000000000000e+03
4.489000000000000000e+03
4.790000000000000000e+03
1.837000000000000000e+03
4.089000000000000000e+03
7.460000000000000000e+02
1.488000000000000000e+03
2.390000000000000000e+02
2.337000000000000000e+03
3.045000000000000000e+03
3.046000000000000000e+03
4.802000000000000000e+03
3.725000000000000000e+03
8.720000000000000000e+02
2.246000000000000000e+03
1.287000000000000000e+03
3.646000000000000000e+03
2.763000000000000000e+03
1.712000000000000000e+03
4.478000000000000000e+03
2.381000000000000000e+03
3.908000000000000000e+03
3.097000000000000000e+03
2.068000000000000000e+03
4.550000000000000000e+03
1.240000000000000000e+03
1.621000000000000000e+03
8.290000000000000000e+02
3.263000000000000000e+03
4.541000000000000000e+03
4.673000000000000000e+03
3.033000000000000000e+03
4.382000000000000000e+03
1.360000000000000000e+03
1.200000000000000000e+02
4.734000000000000000e+03
9.610000000000000000e+02
5.900000000000000000e+01
3.065000000000000000e+03
1.610000000000000000e+03
2.517000000000000000e+03
1.558000000000000000e+03
2.930000000000000000e+03
4.753000000000000000e+03
4.552000000000000000e+03
4.746000000000000000e+03
3.911000000000000000e+03
1.757000000000000000e+03
4.539000000000000000e+03
1.891000000000000000e+03
1.673000000000000000e+03
3.032000000000000000e+03
1.711000000000000000e+03
3.723000000000000000e+03
1.135000000000000000e+03
3.577000000000000000e+03
9.790000000000000000e+02
4.326000000000000000e+03
1.279000000000000000e+03
4.662000000000000000e+03
1.104000000000000000e+03
4.886000000000000000e+03
1.230000000000000000e+02
2.358000000000000000e+03
1.845000000000000000e+03
1.328000000000000000e+03
3.026000000000000000e+03
2.973000000000000000e+03
1.614000000000000000e+03
2.236000000000000000e+03
3.983000000000000000e+03
4.439000000000000000e+03
2.850000000000000000e+03
3.770000000000000000e+02
3.501000000000000000e+03
4.003000000000000000e+03
2.938000000000000000e+03
4.840000000000000000e+03
3.805000000000000000e+03
1.372000000000000000e+03
2.530000000000000000e+03
4.914000000000000000e+03
3.835000000000000000e+03
1.402000000000000000e+03
1.403000000000000000e+03
4.108000000000000000e+03
4.529000000000000000e+03
3.088000000000000000e+03
3.190000000000000000e+03
2.579000000000000000e+03
4.395000000000000000e+03
1.089000000000000000e+03
1.562000000000000000e+03
3.539000000000000000e+03
2.780000000000000000e+02
2.326000000000000000e+03
3.169000000000000000e+03
3.397000000000000000e+03
4.698000000000000000e+03
4.655000000000000000e+03
4.357000000000000000e+03
2.935000000000000000e+03
4.185000000000000000e+03
3.170000000000000000e+03
1.080000000000000000e+03
3.240000000000000000e+02
2.059000000000000000e+03
4.137000000000000000e+03
4.429000000000000000e+03
2.912000000000000000e+03
2.570000000000000000e+02
4.369000000000000000e+03
6.620000000000000000e+02
2.904000000000000000e+03
4.516000000000000000e+03
5.620000000000000000e+02
4.437000000000000000e+03
1.592000000000000000e+03
1.419000000000000000e+03
3.460000000000000000e+02
2.219000000000000000e+03
1.887000000000000000e+03
1.853000000000000000e+03
3.617000000000000000e+03
4.069000000000000000e+03
1.740000000000000000e+02
3.154000000000000000e+03
4.253000000000000000e+03
3.091000000000000000e+03
2.918000000000000000e+03
3.810000000000000000e+03
4.633000000000000000e+03
5.350000000000000000e+02
1.803000000000000000e+03
1.120000000000000000e+03
3.688000000000000000e+03
1.356000000000000000e+03
1.198000000000000000e+03
3.001000000000000000e+03
4.033000000000000000e+03
3.939000000000000000e+03
3.487000000000000000e+03
1.860000000000000000e+03
1.142000000000000000e+03
2.623000000000000000e+03
4.181000000000000000e+03
1.685000000000000000e+03
1.170000000000000000e+02
2.731000000000000000e+03
4.067000000000000000e+03
4.578000000000000000e+03
3.720000000000000000e+02
1.658000000000000000e+03
2.952000000000000000e+03
8.350000000000000000e+02
2.876000000000000000e+03
3.951000000000000000e+03
1.938000000000000000e+03
1.809000000000000000e+03
1.826000000000000000e+03
3.122000000000000000e+03
2.524000000000000000e+03
2.363000000000000000e+03
4.907000000000000000e+03
1.908000000000000000e+03
1.863000000000000000e+03
3.399000000000000000e+03
4.277000000000000000e+03
1.675000000000000000e+03
1.052000000000000000e+03
4.113000000000000000e+03
1.164000000000000000e+03
1.649000000000000000e+03
2.746000000000000000e+03
2.946000000000000000e+03
6.250000000000000000e+02
2.960000000000000000e+02
2.857000000000000000e+03
3.942000000000000000e+03
1.743000000000000000e+03
7.910000000000000000e+02
1.735000000000000000e+03
3.561000000000000000e+03
5.450000000000000000e+02
1.805000000000000000e+03
3.791000000000000000e+03
1.840000000000000000e+03
2.230000000000000000e+03
9.010000000000000000e+02
2.120000000000000000e+03
2.929000000000000000e+03
1.900000000000000000e+01
1.714000000000000000e+03
1.213000000000000000e+03
3.212000000000000000e+03
8.760000000000000000e+02
4.904000000000000000e+03
2.448000000000000000e+03
3.400000000000000000e+03
4.663000000000000000e+03
3.676000000000000000e+03
4.555000000000000000e+03
4.773000000000000000e+03
1.995000000000000000e+03
3.180000000000000000e+02
3.417000000000000000e+03
2.202000000000000000e+03
4.444000000000000000e+03
3.917000000000000000e+03
3.290000000000000000e+03
1.351000000000000000e+03
1.466000000000000000e+03
6.590000000000000000e+02
2.225000000000000000e+03
4.495000000000000000e+03
4.664000000000000000e+03
9.110000000000000000e+02
2.881000000000000000e+03
3.885000000000000000e+03
1.096000000000000000e+03
1.299000000000000000e+03
3.801000000000000000e+03
2.251000000000000000e+03
1.364000000000000000e+03
2.931000000000000000e+03
2.130000000000000000e+02
4.690000000000000000e+03
4.283000000000000000e+03
2.693000000000000000e+03
2.634000000000000000e+03
4.861000000000000000e+03
2.223000000000000000e+03
3.858000000000000000e+03
4.465000000000000000e+03
3.861000000000000000e+03
2.064000000000000000e+03
1.421000000000000000e+03
4.474000000000000000e+03
3.729000000000000000e+03
3.377000000000000000e+03
1.156000000000000000e+03
1.444000000000000000e+03
4.718000000000000000e+03
3.948000000000000000e+03
3.235000000000000000e+03
8.180000000000000000e+02
4.393000000000000000e+03
3.050000000000000000e+02
1.340000000000000000e+02
9.430000000000000000e+02
5.170000000000000000e+02
2.242000000000000000e+03
4.510000000000000000e+02
4.920000000000000000e+02
1.980000000000000000e+03
4.204000000000000000e+03
3.896000000000000000e+03
3.780000000000000000e+02
2.963000000000000000e+03
1.867000000000000000e+03
3.823000000000000000e+03
3.427000000000000000e+03
1.062000000000000000e+03
3.566000000000000000e+03
1.880000000000000000e+03
3.945000000000000000e+03
1.022000000000000000e+03
3.950000000000000000e+02
3.836000000000000000e+03
3.382000000000000000e+03
3.558000000000000000e+03
4.337000000000000000e+03
4.770000000000000000e+02
3.517000000000000000e+03
2.395000000000000000e+03
1.343000000000000000e+03
3.341000000000000000e+03
1.267000000000000000e+03
4.150000000000000000e+03
4.104000000000000000e+03
3.964000000000000000e+03
4.846000000000000000e+03
2.071000000000000000e+03
2.078000000000000000e+03
4.505000000000000000e+03
2.908000000000000000e+03
1.211000000000000000e+03
2.842000000000000000e+03
3.084000000000000000e+03
2.781000000000000000e+03
4.562000000000000000e+03
2.796000000000000000e+03
3.667000000000000000e+03
2.264000000000000000e+03
2.462000000000000000e+03
3.013000000000000000e+03
1.456000000000000000e+03
3.126000000000000000e+03
4.620000000000000000e+02
3.929000000000000000e+03
9.830000000000000000e+02
2.458000000000000000e+03
4.200000000000000000e+03
2.999000000000000000e+03
3.136000000000000000e+03
1.993000000000000000e+03
1.500000000000000000e+01
4.107000000000000000e+03
2.344000000000000000e+03
3.274000000000000000e+03
1.811000000000000000e+03
4.344000000000000000e+03
3.381000000000000000e+03
3.167000000000000000e+03
6.480000000000000000e+02
4.045000000000000000e+03
4.930000000000000000e+02
1.404000000000000000e+03
4.690000000000000000e+02
4.352000000000000000e+03
1.430000000000000000e+03
4.860000000000000000e+03
4.270000000000000000e+03
4.487000000000000000e+03
4.601000000000000000e+03
4.131000000000000000e+03
3.415000000000000000e+03
7.870000000000000000e+02
3.349000000000000000e+03
4.208000000000000000e+03
4.068000000000000000e+03
1.204000000000000000e+03
2.870000000000000000e+03
2.018000000000000000e+03
1.568000000000000000e+03
2.021000000000000000e+03
1.959000000000000000e+03
3.987000000000000000e+03
3.931000000000000000e+03
3.023000000000000000e+03
4.864000000000000000e+03
2.135000000000000000e+03
3.690000000000000000e+02
3.817000000000000000e+03
3.849000000000000000e+03
4.076000000000000000e+03
1.762000000000000000e+03
2.247000000000000000e+03
9.020000000000000000e+02
4.612000000000000000e+03
2.084000000000000000e+03
2.115000000000000000e+03
4.826000000000000000e+03
4.760000000000000000e+03
3.542000000000000000e+03
4.695000000000000000e+03
4.419000000000000000e+03
4.806000000000000000e+03
4.421000000000000000e+03
4.503000000000000000e+03
1.057000000000000000e+03
2.982000000000000000e+03
4.200000000000000000e+01
1.433000000000000000e+03
2.885000000000000000e+03
2.086000000000000000e+03
3.903000000000000000e+03
4.855000000000000000e+03
4.031000000000000000e+03
2.179000000000000000e+03
6.600000000000000000e+02
1.892000000000000000e+03
1.560000000000000000e+03
6.190000000000000000e+02
1.556000000000000000e+03
3.325000000000000000e+03
4.285000000000000000e+03
7.950000000000000000e+02
1.583000000000000000e+03
4.354000000000000000e+03
6.330000000000000000e+02
4.222000000000000000e+03
3.270000000000000000e+03
4.468000000000000000e+03
4.450000000000000000e+02
4.701000000000000000e+03
4.689000000000000000e+03
3.428000000000000000e+03
1.695000000000000000e+03
6.060000000000000000e+02
2.523000000000000000e+03
2.843000000000000000e+03
4.086000000000000000e+03
4.490000000000000000e+02
3.575000000000000000e+03
2.862000000000000000e+03
4.260000000000000000e+03
4.671000000000000000e+03
4.865000000000000000e+03
4.248000000000000000e+03
4.346000000000000000e+03
2.244000000000000000e+03
4.707000000000000000e+03
3.238000000000000000e+03
1.968000000000000000e+03
3.610000000000000000e+03
4.111000000000000000e+03
2.716000000000000000e+03
3.580000000000000000e+03
1.573000000000000000e+03
1.738000000000000000e+03
